1	806.471
2	800.827
3	800.469
4	800.637
5	803.721
6	792.375
7	801.602
8	814.272
9	797.333
10	800.072
11	815.576
12	798.318
13	781.821
14	788.507
15	803.002
16	790.435
17	795.062
18	816.181
19	804.828
20	801.828
21	795.324
22	792.791
23	789.356
24	789.57
25	798.523
26	805.553
27	790.696
28	806.721
29	804.274
30	815.389
31	808.38
32	818.247
33	839.734
34	837.395
35	805.516
36	709.079
37	816.839
38	800.397
39	808.7
40	818.881
41	810.757
42	806.805
43	801.336
44	798.272
45	815.676
46	805.689
47	811.053
48	798.779
49	792.009
50	810.706
51	809.498
52	823.334
53	790.392
54	808.983
55	808.186
56	794.537
57	808.302
58	790.755
59	791.793
60	801.503
61	798.785
62	801.428
63	814.587
64	815.067
65	798.814
66	810.631
67	777.977
68	790.545
69	809.261
70	798.592
71	798.02
72	806.231
73	793.828
74	802.733
75	806.453
76	805.434
77	820.8
78	790.591
79	798.666
80	788.703
81	784.548
82	801.165
83	791.03
84	795.912
85	798.04
86	791.278
87	791.887
88	811.776
89	796.671
90	772.18
91	789.599
92	808.265
93	790.663
94	793.867
95	798.401
96	786.108
97	757.333
98	803.495
99	805.611
100	812.186
101	800.474
102	806.395
103	800.881
104	798.975
105	800.097
106	804.782
107	804.243
108	797.295
109	799
110	807.612
111	791.589
112	800.78
113	803.594
114	797.271
115	802.15
116	801.842
117	803.163
118	819.089
119	808.046
120	812.434
121	794.545
122	795.975
123	800.921
124	802.949
125	769.326
126	809.9
127	807.234
128	816.841
129	802.917
130	791.371
131	814.436
132	809.543
133	790.981
134	803.37
135	801.087
136	805.096
137	800.741
138	811.609
139	803.6
140	796.199
141	808.665
142	805.99
143	807.83
144	803.635
145	797.864
146	772.35
147	787.879
148	795.052
149	809.051
150	807.168
151	796.565
152	803.955
153	808.131
154	802.985
155	791.71
156	786.651
157	792.585
158	799.44
159	808.348
160	807.206
161	798.711
162	796.723
163	802.01
164	795.248
165	776.034
166	820.027
167	809.279
168	794.754
169	770.664
170	799.317
171	831.483
172	809.51
173	808.551
174	806.794
175	799.582
176	788.749
177	795.869
178	801.303
179	796.14
180	792.955
181	808.041
182	801.824
183	795.4
184	807.603
185	818.534
186	794.298
187	804.337
188	806.839
189	804.478
190	792.138
191	821.772
192	807.946
193	809.853
194	792.831
195	805.054
196	793.207
197	804.65
198	801.573
199	802.789
200	801.358
201	807.109
202	810.295
203	794.842
204	802.59
205	806.355
206	807.131
207	821.931
208	808.166
209	805.656
210	803.93
211	794.525
212	799.57
213	798.218
214	775.439
215	805.951
216	796.309
217	798.228
218	797.935
219	796.518
220	801.72
221	812.661
222	798.731
223	812.109
224	809.064
225	799.137
226	784.545
227	783.18
228	801.228
229	784.201
230	794.247
231	800.451
232	801.597
233	799.348
234	802.287
235	787.539
236	793.712
237	786.87
238	800.873
239	810.457
240	808.087
241	799.533
242	792.12
243	805.615
244	803.536
245	803.68
246	816.487
247	802.521
248	798.55
249	813.116
250	795.984
251	793.843
252	808.589
253	792.6
254	785.443
255	794.201
256	808.04
257	809.172
258	799.381
259	813.997
260	818.805
261	814.355
262	802.103
263	799.38
264	801.95
265	796.85
266	802.572
267	797.142
268	799.072
269	798.687
270	806.887
271	803.778
272	786.469
273	803.858
274	788.202
275	799.707
276	800.251
277	802.875
278	795.797
279	805.013
280	788.614
281	807.634
282	796.463
283	782.248
284	787.738
285	806.054
286	795.421
287	788.575
288	800.962
289	808.212
290	796.856
291	785.426
292	803.722
293	801.27
294	800.639
295	796.304
296	788.724
297	807.923
298	810.01
299	791.708
300	797.47
301	791.168
302	795.718
303	786.611
304	796.858
305	790.223
306	794.148
307	801.383
308	803.951
309	809.695
310	814.832
311	804.013
312	796.191
313	786.749
314	774.225
315	790.118
316	792.637
317	791.368
318	807.114
319	792.946
320	797.619
321	801.767
322	806.366
323	794.588
324	805.28
325	790.33
326	791.61
327	783.369
328	805.224
329	811.892
330	796.678
331	801.987
332	807.291
333	803.039
334	804.816
335	807.82
336	800.936
337	816.656
338	788.332
339	800.005
340	802.523
341	766.866
342	792.338
343	803.78
344	788.566
345	807.766
346	803.097
347	797.33
348	809.478
349	786.422
350	784.461
351	792.809
352	798.259
353	793.628
354	804.53
355	795.361
356	796.192
357	807.057
358	808.632
359	806.803
360	800.604
361	791.621
362	796.397
363	795.51
364	796.986
365	796.897
366	803.414
367	788.144
368	793.332
369	790.121
370	787.482
371	789.837
372	800.814
373	795.432
374	834.708
375	807.073
376	798.647
377	814.224
378	802.433
379	799.157
380	807.881
381	799.82
382	810.618
383	800.465
384	804.997
385	814.983
386	804.086
387	785.901
388	814.093
389	796.451
390	809.31
391	791.068
392	777.225
393	787.023
394	790.73
395	809.295
396	813.718
397	787.707
398	791.27
399	793.804
400	798.428
401	795.67
402	801.786
403	800.142
404	797.565
405	791.381
406	811.138
407	820.347
408	800.815
409	787.09
410	800.265
411	798.749
412	796.906
413	833.277
414	806.303
415	815.415
416	798.877
417	794.361
418	792.432
419	811.663
420	792.178
421	812.762
422	787.982
423	779.633
424	809.661
425	799.572
426	798.698
427	798.312
428	793.233
429	790.629
430	813.147
431	764.868
432	807.161
433	790.868
434	805.226
435	842.465
436	806.408
437	809.757
438	814.451
439	807.088
440	809.898
441	800.775
442	812.976
443	805.378
444	803.301
445	794.202
446	803.425
447	802.217
448	795.717
449	799.466
450	800.349
451	801.416
452	792.419
453	802.15
454	805.388
455	795.313
456	804.419
457	819.546
458	800.634
459	806.567
460	784.742
461	809.388
462	809.64
463	812.576
464	803.589
465	804.645
466	786.644
467	810.459
468	800.855
469	807.859
470	817.324
471	817.975
472	795.331
473	793.27
474	802.162
475	803.032
476	801.426
477	804.065
478	816.718
479	798.782
480	789.956
481	797.088
482	796.986
483	807.724
484	792.78
485	789.538
486	813.136
487	796.356
488	787.003
489	809.724
490	804.858
491	770.279
492	788.806
493	819.845
494	804.687
495	800.087
496	812.129
497	801.589
498	814.655
499	808.106
500	795.819
501	791.326
502	795.417
503	804.143
504	811.037
505	794.062
506	800.102
507	776.096
508	792.871
509	816.694
510	806.144
511	811.591
512	816.198
513	797.351
514	789.694
515	794.906
516	799.642
517	812.864
518	811.922
519	796.388
520	795.933
521	810.383
522	804.132
523	799.703
524	801.696
525	805.961
526	802.437
527	818.758
528	799.922
529	798.723
530	803.04
531	809.062
532	810.363
533	783.965
534	782.264
535	802.43
536	796.534
537	793.138
538	793.589
539	793.861
540	806.039
541	794.756
542	803.933
543	802.87
544	783.305
545	809.103
546	819.673
547	810.096
548	799.473
549	778.163
550	790.317
551	805.169
552	795.142
553	798.352
554	806.667
555	803.035
556	808.459
557	802.145
558	791.789
559	815.907
560	814.577
561	804.322
562	810.234
563	811.402
564	811.414
565	786.154
566	814.331
567	796.952
568	809.149
569	805.825
570	806.712
571	793.679
572	799.349
573	791.421
574	797.042
575	794.125
576	795.764
577	820.132
578	805.601
579	837.234
580	797.567
581	798.157
582	783.569
583	801.508
584	805.378
585	797.368
586	794.332
587	806.28
588	801.12
589	798.992
590	806.884
591	808.208
592	795.928
593	795.658
594	796.55
595	795.646
596	795.47
597	794.896
598	799.454
599	801.364
600	797.154
601	805.877
602	807.564
603	796.593
604	801.789
605	804.121
606	800.065
607	805.155
608	801.276
609	808.193
610	820.108
611	805.493
612	788.431
613	795.037
614	802.239
615	796.926
616	813.232
617	800.35
618	790.457
619	834.744
620	784.973
621	795.59
622	809.91
623	801.157
624	803.064
625	796.125
626	811.554
627	792.323
628	793.008
629	794.937
630	801.645
631	798.468
632	795.317
633	811.551
634	817.288
635	819.619
636	811.092
637	809.432
638	805.08
639	794.53
640	812.076
641	808.61
642	803.281
643	802.066
644	802.833
645	804.886
646	800.33
647	811.71
648	811.28
649	784.724
650	809.622
651	812.327
652	813.87
653	803.66
654	803.84
655	804.515
656	795.904
657	792.371
658	789.704
659	805.557
660	806.334
661	814.654
662	794.439
663	762.299
664	795.297
665	795.144
666	809.395
667	811.714
668	793.504
669	793.515
670	802.695
671	799.461
672	798.533
673	796.869
674	808.822
675	790.335
676	805.301
677	805.355
678	805.458
679	805.059
680	795.612
681	797.809
682	801.534
683	814.791
684	809.539
685	803.583
686	812.413
687	812.681
688	810.131
689	797.313
690	792.451
691	801.05
692	809.549
693	797.104
694	791.749
695	802.356
696	790.399
697	804.847
698	807.994
699	803.665
700	815.181
701	799.423
702	789.71
703	786.062
704	793.891
705	818.929
706	806.341
707	807.187
708	796.102
709	814.162
710	806.799
711	791.477
712	806.003
713	803.355
714	790.332
715	779.275
716	803.5
717	788.493
718	782.996
719	807.019
720	802.172
721	816.727
722	820.097
723	800.823
724	801.157
725	809.458
726	799.73
727	799.412
728	798.893
729	787.101
730	804.138
731	823.353
732	800.601
733	803.531
734	797.437
735	790.481
736	800.221
737	795.887
738	846.435
739	804.045
740	807.846
741	793.765
742	797.91
743	802.695
744	810.376
745	800.406
746	805.702
747	805.084
748	800.584
749	799.399
750	808.036
751	808.927
752	812.466
753	793.224
754	795.892
755	806.903
756	811.037
757	800.468
758	801.296
759	800.692
760	795.835
761	816.66
762	815.83
763	803.859
764	805.454
765	812.286
766	795.036
767	805.339
768	791.311
769	806.992
770	804.087
771	802.542
772	806.265
773	797.366
774	798.419
775	795.992
776	808.305
777	799.604
778	803
779	799.23
780	797.589
781	808.982
782	815.745
783	813.127
784	790.795
785	795.106
786	811.144
787	795.948
788	813.763
789	799.637
790	801.152
791	800.434
792	802.94
793	811.058
794	811.351
795	798.962
796	809.094
797	806.026
798	809.1
799	813.646
800	803.711
801	799.989
802	791.76
803	794.437
804	789.913
805	795.907
806	789.843
807	796.176
808	807.557
809	803.216
810	798.482
811	804.548
812	800.303
813	797.388
814	798.76
815	796.249
816	778.951
817	785.74
818	791.386
819	796.694
820	789.015
821	801.548
822	792.32
823	801.044
824	786.538
825	781.154
826	791.575
827	813.092
828	794.582
829	797.798
830	808.762
831	798.36
832	813.755
833	800.494
834	797.664
835	812.604
836	797.667
837	793.59
838	799.076
839	794.829
840	794.213
841	787.023
842	797.234
843	805.052
844	792.718
845	797.322
846	809.81
847	799.281
848	799.606
849	806.45
850	794.699
851	814.181
852	806.528
853	803.124
854	780.748
855	795.103
856	809.494
857	800.713
858	790.734
859	800.828
860	805.57
861	800.551
862	810.692
863	796.626
864	802.395
865	805.523
866	798.655
867	789.815
868	804.282
869	795.352
870	796.532
871	803.69
872	802.268
873	814.262
874	820.96
875	812.399
876	788.437
877	798.327
878	807.807
879	792.607
880	788.869
881	813.261
882	801.629
883	808.235
884	798.189
885	810.288
886	801.456
887	802.009
888	795.451
889	797.541
890	805.199
891	801.395
892	804.066
893	773.877
894	794.758
895	801.846
896	816.178
897	822.446
898	807.071
899	811.158
900	807.878
901	797.316
902	809.471
903	804.879
904	803.71
905	806.126
906	787.267
907	795.272
908	789.162
909	790.676
910	793.89
911	806.629
912	788.262
913	814.709
914	810.584
915	810.414
916	787.093
917	791.65
918	807.916
919	789.088
920	796.739
921	794.932
922	796.4
923	807.383
924	814.892
925	811.906
926	799.507
927	805.066
928	808.103
929	798.694
930	789.299
931	799.245
932	808.181
933	804.95
934	804.3
935	796.482
936	789.793
937	788.14
938	795.03
939	791.966
940	804.069
941	796.462
942	805.762
943	814.007
944	816.759
945	816.714
946	808.942
947	786.905
948	807.69
949	794.996
950	792.233
951	807.031
952	797.637
953	791.693
954	796.246
955	800.208
956	793.789
957	794.954
958	794.775
959	801.472
960	805.561
961	807.402
962	802.611
963	804.879
964	791.763
965	812.845
966	805.597
967	803.875
968	807.189
969	795.864
970	799.996
971	803.167
972	793.444
973	802.42
974	814.772
975	799.305
976	807.105
977	796.8
978	792.541
979	808.233
980	812.282
981	806.69
982	798.094
983	796.289
984	799.554
985	793.591
986	813.543
987	797.719
988	810.234
989	846.992
990	798.19
991	799.646
992	796.583
993	817.207
994	815.788
995	800.734
996	805.625
997	806.508
998	807.798
999	794.24
1000	797.244
1001	812.17
1002	801.474
1003	802.658
1004	810.753
1005	810.328
1006	801.574
1007	817.383
1008	801.163
1009	796.291
1010	802.986
1011	803.364
1012	808.54
1013	812.317
1014	809.675
1015	795.475
1016	795.612
1017	784.811
1018	794.664
1019	799.484
1020	792.062
1021	783.516
1022	829.139
1023	846.992
1024	785.581
1025	788.551
1026	802.447
1027	791.323
1028	791.011
1029	787.967
1030	812.302
1031	809.239
1032	801.051
1033	805.991
1034	786.626
1035	794.214
1036	799.895
1037	769.267
1038	771.754
1039	810.002
1040	812.197
1041	810.056
1042	809.616
1043	810.391
1044	816.236
1045	792.925
1046	808.813
1047	800.524
1048	800.046
1049	804.121
1050	805.958
1051	814.396
1052	795.309
1053	778.034
1054	812.158
1055	784.067
1056	801.526
1057	784.883
1058	801.658
1059	796.424
1060	795.282
1061	781.067
1062	789.741
1063	799.672
1064	792.439
1065	789.301
1066	798.941
1067	788.258
1068	794.463
1069	795.717
1070	802.807
1071	815.945
1072	803.842
1073	808.822
1074	777.129
1075	803.457
1076	813.294
1077	797.207
1078	806.106
1079	802.202
1080	801.424
1081	811.239
1082	794.899
1083	795.555
1084	795.842
1085	794.46
1086	788.763
1087	800.396
1088	794.195
1089	785.603
1090	817.99
1091	808.605
1092	819.547
1093	802.634
1094	803.873
1095	804.362
1096	798.089
1097	804.268
1098	801.878
1099	806.882
1100	787.901
1101	807.034
1102	792.965
1103	803.788
1104	815.683
1105	813.509
1106	817.197
1107	803.761
1108	804.718
1109	800.412
1110	823.836
1111	799.783
1112	819.397
1113	807.409
1114	837.815
1115	801.229
1116	803.059
1117	787.841
1118	798.353
1119	811.091
1120	809.128
1121	808.745
1122	803.872
1123	793.348
1124	799.995
1125	804.011
1126	787.336
1127	800.859
1128	787.221
1129	800.553
1130	815.32
1131	792.042
1132	793.08
1133	809.44
1134	795.167
1135	801.861
1136	800.644
1137	803.391
1138	809.685
1139	781.016
1140	809.334
1141	804.669
1142	806.075
1143	810.518
1144	792.904
1145	815.924
1146	800.78
1147	804.32
1148	810.82
1149	789.595
1150	795.579
1151	809.04
1152	815.534
1153	791.431
1154	808.242
1155	789.907
1156	806.555
1157	797.229
1158	786.178
1159	794.487
1160	795.11
1161	802.286
1162	796.818
1163	803.42
1164	801.15
1165	814.824
1166	797.673
1167	802.759
1168	801.165
1169	795.605
1170	799.65
1171	791.376
1172	798.642
1173	798.911
1174	809.787
1175	807.604
1176	813.311
1177	802.388
1178	794.534
1179	803.815
1180	790.617
1181	799.073
1182	793.29
1183	803.554
1184	803.364
1185	787.981
1186	805.36
1187	806.249
1188	781.001
1189	794.85
1190	783.122
1191	812.763
1192	803.419
1193	813.987
1194	801.19
1195	801.04
1196	792.957
1197	798.823
1198	788.167
1199	792.277
1200	782.274
1201	799.677
1202	803.755
1203	804.704
1204	819.933
1205	801.001
1206	817.506
1207	808.671
1208	808.709
1209	805.591
1210	801.425
1211	801.265
1212	807.926
1213	790.155
1214	791.144
1215	802.435
1216	791.726
1217	818.199
1218	810.409
1219	793.601
1220	792.054
1221	793.639
1222	778.041
1223	776.517
1224	805.841
1225	803.64
1226	791.672
1227	785.909
1228	798.246
1229	795.657
1230	802.566
1231	793.071
1232	814.341
1233	808.713
1234	802.819
1235	810.375
1236	797.855
1237	795.566
1238	795.694
1239	787.22
1240	803.4
1241	796.361
1242	814.033
1243	824.37
1244	802.602
1245	783.652
1246	806.413
1247	791.144
1248	818.481
1249	793.451
1250	788.058
1251	804.456
1252	806.497
1253	795.108
1254	798.258
1255	805.297
1256	808.478
1257	812.497
1258	793.831
1259	795.62
1260	807.388
1261	795.23
1262	790.337
1263	797.915
1264	818.616
1265	800.056
1266	800.349
1267	794.216
1268	798.38
1269	806.633
1270	815.068
1271	793.726
1272	788.865
1273	801.553
1274	798.644
1275	800.867
1276	818.666
1277	801.399
1278	805.832
1279	799.359
1280	798.359
1281	817.079
1282	818.358
1283	796.39
1284	800.326
1285	814.906
1286	801.992
1287	813.399
1288	795.809
1289	830.735
1290	800.996
1291	801.669
1292	812.794
1293	796.962
1294	792.376
1295	804.637
1296	802.795
1297	802.638
1298	797.576
1299	786.975
1300	792.06
1301	808.357
1302	810.734
1303	814.71
1304	795.496
1305	795.436
1306	795.872
1307	808.636
1308	805.76
1309	801.022
1310	800.496
1311	798.09
1312	800.945
1313	801.997
1314	816.682
1315	797.738
1316	811.189
1317	806.809
1318	786.932
1319	789.848
1320	802.806
1321	788.136
1322	812.994
1323	788.365
1324	817.296
1325	811.493
1326	797.335
1327	810.113
1328	792.71
1329	787.242
1330	788.258
1331	802.346
1332	811.175
1333	809.926
1334	803.273
1335	803.796
1336	805.395
1337	805.032
1338	796.946
1339	809.509
1340	811.124
1341	802.045
1342	796.75
1343	798.938
1344	800.545
1345	807.367
1346	809.761
1347	790.547
1348	789.776
1349	805.897
1350	801.84
1351	791.932
1352	804.011
1353	808.764
1354	792.977
1355	797.319
1356	797.598
1357	792.952
1358	803.251
1359	815.304
1360	811.082
1361	804.498
1362	797.494
1363	798.789
1364	807.409
1365	801.37
1366	797.007
1367	800.734
1368	804.95
1369	809.162
1370	801.754
1371	792.98
1372	816.579
1373	792.527
1374	801.82
1375	771.704
1376	799.181
1377	785.684
1378	793.844
1379	803.689
1380	795.429
1381	796.165
1382	785.289
1383	791.072
1384	803.352
1385	803.599
1386	800.993
1387	780.934
1388	804.682
1389	792.727
1390	807.913
1391	802.421
1392	805.629
1393	786.285
1394	803.502
1395	790.478
1396	794.093
1397	793.906
1398	791.511
1399	807.94
1400	794.059
1401	792.304
1402	805.233
1403	793.578
1404	787.11
1405	792.691
1406	800.696
1407	802.679
1408	798.307
1409	805.879
1410	799.419
1411	804.316
1412	804.958
1413	802.935
1414	791.253
1415	803.242
1416	801.515
1417	792.516
1418	786.429
1419	793.194
1420	812.472
1421	817.207
1422	814.059
1423	800.153
1424	800.189
1425	749.393
1426	796.886
1427	801.308
1428	795.048
1429	797.078
1430	796.477
1431	797.801
1432	810.509
1433	789.634
1434	790.116
1435	773.266
1436	831.907
1437	797.756
1438	792.761
1439	803.621
1440	803.565
1441	790.308
1442	799.398
1443	820.476
1444	800.945
1445	796.007
1446	797.395
1447	811.24
1448	799.662
1449	801.084
1450	806.006
1451	793.671
1452	829.208
1453	807.268
1454	797.064
1455	794.153
1456	808.253
1457	804.525
1458	805.414
1459	789.843
1460	791.094
1461	795.017
1462	793.868
1463	803.384
1464	813.607
1465	795.596
1466	795.01
1467	802.951
1468	801.352
1469	791.457
1470	785.714
1471	816.253
1472	807.182
1473	797.763
1474	805.496
1475	803.177
1476	802.957
1477	795.505
1478	803.537
1479	794.058
1480	793.45
1481	793.911
1482	798.431
1483	795.606
1484	815.891
1485	803.161
1486	795.688
1487	790.1
1488	794.375
1489	808.428
1490	804.571
1491	782.245
1492	805.217
1493	809.538
1494	793.214
1495	798.445
1496	785.462
1497	787.429
1498	790.965
1499	784.298
1500	778.551
1501	797.494
1502	805.941
1503	800.595
1504	803.969
1505	803.649
1506	796.276
1507	804.859
1508	814.232
1509	798.389
1510	800.862
1511	787.215
1512	789.506
1513	810.576
1514	800.751
1515	798.608
1516	803.16
1517	799.056
1518	799.884
1519	791.212
1520	804.031
1521	804.316
1522	803.124
1523	797.419
1524	797.657
1525	795.073
1526	805.993
1527	807.964
1528	806.237
1529	810.34
1530	793.558
1531	804.752
1532	801.201
1533	804.637
1534	813.594
1535	802.964
1536	812.451
1537	793.845
1538	800.784
1539	813.918
1540	800.99
1541	806.587
1542	800.101
1543	820.795
1544	808.906
1545	811.353
1546	806.1
1547	795.176
1548	781.857
1549	798.118
1550	804.735
1551	794.216
1552	800.115
1553	787.442
1554	800.264
1555	802.604
1556	799.52
1557	779.982
1558	785.85
1559	798.862
1560	800.805
1561	797.712
1562	804.007
1563	795.16
1564	800.464
1565	805.613
1566	813.09
1567	809.824
1568	798.271
1569	793.113
1570	804.175
1571	782.459
1572	799.328
1573	795.95
1574	800.392
1575	804.865
1576	799.774
1577	800.684
1578	805.759
1579	805.942
1580	768.952
1581	799.615
1582	802.844
1583	802.571
1584	794.908
1585	811.923
1586	806.227
1587	795.379
1588	794.972
1589	805.468
1590	795.519
1591	819.051
1592	813.426
1593	792.487
1594	804.451
1595	793.657
1596	800.742
1597	803.809
1598	850.962
1599	785.474
1600	791.005
1601	808.255
1602	790.554
1603	794.258
1604	792.138
1605	782.863
1606	805.954
1607	785.027
1608	793.638
1609	793.765
1610	803.01
1611	785.758
1612	801.168
1613	802.745
1614	820.426
1615	809.701
1616	784.976
1617	799.493
1618	787.472
1619	793.19
1620	797.305
1621	796.251
1622	808.267
1623	789.218
1624	807.375
1625	816.965
1626	800.622
1627	800.021
1628	810.393
1629	805.859
1630	782.677
1631	805.788
1632	802.372
1633	807.503
1634	800.781
1635	819.91
1636	799.551
1637	806.815
1638	798.117
1639	820.081
1640	803.105
1641	788.551
1642	793.75
1643	778.351
1644	792.707
1645	807.144
1646	801.828
1647	811.761
1648	820.483
1649	819.884
1650	797.721
1651	806.184
1652	790.893
1653	805.368
1654	799.7
1655	801.39
1656	802.375
1657	787.48
1658	787.003
1659	798.691
1660	792.878
1661	793.54
1662	795.293
1663	791.795
1664	798.474
1665	808.444
1666	805.593
1667	809.312
1668	813.255
1669	794.033
1670	791.535
1671	801.286
1672	806.26
1673	779.365
1674	799.517
1675	809.245
1676	805.453
1677	813.237
1678	809.549
1679	782.302
1680	801.872
1681	798.307
1682	809.493
1683	808.785
1684	816.856
1685	805.714
1686	793.947
1687	796.169
1688	802
1689	800.099
1690	806.901
1691	789.71
1692	813.772
1693	788.001
1694	799.206
1695	804.433
1696	789.238
1697	791.09
1698	790.75
1699	806.918
1700	780.794
1701	794.642
1702	802.104
1703	802.229
1704	816.31
1705	809.102
1706	791.691
1707	814.706
1708	780.73
1709	798.275
1710	803.226
1711	792.195
1712	797.039
1713	781.941
1714	802.964
1715	802.131
1716	798.235
1717	822.687
1718	806.806
1719	802.138
1720	794.787
1721	793.745
1722	813.217
1723	749.974
1724	804.717
1725	793.766
1726	792.903
1727	805.37
1728	792.378
1729	795.804
1730	806.691
1731	804.93
1732	802.567
1733	797.983
1734	803.932
1735	792.532
1736	806.441
1737	810.923
1738	799.701
1739	816.393
1740	809.578
1741	804.914
1742	804.636
1743	807.469
1744	812.655
1745	798.889
1746	793.747
1747	807.77
1748	798.458
1749	792.226
1750	793.532
1751	809.8
1752	807.101
1753	819.785
1754	805.161
1755	804.941
1756	743.06
1757	800.754
1758	807.666
1759	806.317
1760	794.711
1761	786.783
1762	794.989
1763	796.96
1764	789.633
1765	802.252
1766	798.183
1767	796.709
1768	807.219
1769	811.424
1770	805.088
1771	804.505
1772	781.821
1773	798.608
1774	802.904
1775	807.773
1776	806.883
1777	828.075
1778	803.176
1779	796.258
1780	798.026
1781	803.659
1782	801.016
1783	792.89
1784	784.813
1785	797.832
1786	797.314
1787	791.082
1788	809.842
1789	804.553
1790	797.372
1791	807.02
1792	798.552
1793	794.864
1794	801.925
1795	808.88
1796	821.377
1797	820.329
1798	796.295
1799	793.404
1800	803.212
1801	805.749
1802	804.667
1803	801.698
1804	808.913
1805	806.058
1806	809.431
1807	798.913
1808	800.485
1809	802.656
1810	798.993
1811	802.031
1812	799.904
1813	796.742
1814	805.921
1815	799.879
1816	804.073
1817	794.648
1818	796.332
1819	809.719
1820	815.284
1821	809.947
1822	806.703
1823	802.865
1824	800.392
1825	803.884
1826	808.823
1827	804.229
1828	747.701
1829	809.129
1830	807.406
1831	795.294
1832	815.537
1833	819.089
1834	810.993
1835	792.458
1836	809.03
1837	811.646
1838	814.271
1839	797.553
1840	792.155
1841	791.639
1842	813.673
1843	810.871
1844	808.986
1845	793.466
1846	794.1
1847	808.777
1848	794.934
1849	778.959
1850	784.614
1851	805.85
1852	791.408
1853	779.997
1854	786.109
1855	812.27
1856	816.266
1857	816.437
1858	838.507
1859	815.928
1860	813.576
1861	797.047
1862	812.076
1863	800.974
1864	789.32
1865	808.117
1866	783.988
1867	807.443
1868	812.176
1869	809.04
1870	808.91
1871	787.318
1872	788.191
1873	811.406
1874	818.598
1875	807.325
1876	795.286
1877	796.779
1878	783.37
1879	799.831
1880	817.13
1881	801.959
1882	795.612
1883	779.574
1884	803.042
1885	799.333
1886	798.996
1887	812.603
1888	812.289
1889	814.173
1890	781.927
1891	799.325
1892	792.05
1893	793.343
1894	800.517
1895	793.252
1896	797.372
1897	809.276
1898	791.929
1899	802.443
1900	795.329
1901	805.227
1902	818.253
1903	811.339
1904	799.43
1905	795.024
1906	806.103
1907	810.152
1908	796.928
1909	812.996
1910	798.781
1911	793.052
1912	793.597
1913	802.903
1914	827.776
1915	800.015
1916	810.146
1917	809.2
1918	813.901
1919	812.61
1920	802.369
1921	813.776
1922	808.345
1923	805.202
1924	805.178
1925	810.492
1926	801.733
1927	805.416
1928	808.609
1929	799.517
1930	794.883
1931	814.214
1932	794.99
1933	801.972
1934	796.058
1935	801.216
1936	802.999
1937	802.759
1938	809.281
1939	797.981
1940	794.206
1941	782.748
1942	795.234
1943	803.038
1944	800.511
1945	789.524
1946	799.285
1947	809.468
1948	811.153
1949	808.134
1950	803.747
1951	783.718
1952	813.155
1953	804.357
1954	792.451
1955	803.113
1956	808.21
1957	805.189
1958	788.299
1959	799.636
1960	788.279
1961	786.9
1962	790.734
1963	775.839
1964	743.113
1965	817.04
1966	797.595
1967	803.044
1968	822.393
1969	810.631
1970	809.1
1971	811.872
1972	811.095
1973	791.216
1974	792.351
1975	808.996
1976	805.643
1977	809.404
1978	797.229
1979	803.571
1980	797.394
1981	816.031
1982	805.525
1983	820.791
1984	802.914
1985	807.047
1986	795.552
1987	789.598
1988	800.047
1989	807.969
1990	804.941
1991	791.476
1992	796.984
1993	789.139
1994	776.819
1995	800.211
1996	790.843
1997	790.926
1998	795.1
1999	806.759
2000	812.308
2001	812.672
2002	813.641
2003	795.692
2004	804.677
2005	806.428
2006	801.078
2007	803.116
2008	798.968
2009	805.57
2010	802.003
2011	800.746
2012	801.455
2013	797.892
2014	799.588
2015	798.391
2016	794.343
2017	802.125
2018	806.572
2019	797.032
2020	805.867
2021	793.021
2022	801.467
2023	808.009
2024	813.44
2025	784.949
2026	794.957
2027	799.324
2028	799.243
2029	794.686
2030	809.32
2031	801.562
2032	799.964
2033	800.869
2034	804.974
2035	799.446
2036	792.759
2037	783.043
2038	795.965
2039	781.417
2040	781.179
2041	813.36
2042	796.438
2043	798.955
2044	801.814
2045	799.701
2046	791.08
2047	788.65
2048	804.403
2049	799.13
2050	787.741
2051	789.815
2052	794.245
2053	805.155
2054	792.814
2055	869.115
2056	795.819
2057	792.986
2058	773.168
2059	807.7
2060	804.816
2061	784.431
2062	800.158
2063	815.563
2064	796.34
2065	798.939
2066	800.213
2067	813.09
2068	804.84
2069	786.852
2070	804.55
2071	796.845
2072	793.388
2073	806.475
2074	806.165
2075	801.113
2076	787.981
2077	802.95
2078	800.055
2079	802.446
2080	810.727
2081	804.067
2082	798.235
2083	797.169
2084	800.582
2085	793.181
2086	801.727
2087	782.699
2088	802.555
2089	823.448
2090	793.588
2091	801.93
2092	803.26
2093	809.196
2094	801.452
2095	802.851
2096	814.019
2097	812.736
2098	789.67
2099	784.853
2100	784.722
2101	764.656
2102	779.038
2103	814.091
2104	799.322
2105	806.69
2106	802.096
2107	779.378
2108	790.083
2109	791.063
2110	807.553
2111	795.415
2112	807.068
2113	797.185
2114	787.771
2115	806.968
2116	801.138
2117	763.311
2118	815.496
2119	796.883
2120	806.692
2121	803.854
2122	813.69
2123	795.26
2124	807.429
2125	793.723
2126	808.188
2127	811.197
2128	807.223
2129	795.838
2130	798.572
2131	848.946
2132	795.969
2133	790.572
2134	797.121
2135	777.392
2136	790.146
2137	811.004
2138	814.031
2139	821.317
2140	800.884
2141	805.757
2142	804.72
2143	806.158
2144	797.14
2145	782.066
2146	777.738
2147	789.912
2148	798.464
2149	808.842
2150	810.424
2151	799.868
2152	801.102
2153	799.577
2154	785.581
2155	794.974
2156	803.071
2157	798.193
2158	800.977
2159	789.803
2160	805.878
2161	802.366
2162	815.129
2163	801.041
2164	800.227
2165	790.282
2166	794.494
2167	789.307
2168	813.284
2169	800.595
2170	794.076
2171	812.897
2172	802.515
2173	820.608
2174	837.747
2175	808.077
2176	798.531
2177	798.951
2178	824.984
2179	804.313
2180	794.524
2181	798.128
2182	809.179
2183	798.837
2184	796.519
2185	804.109
2186	800.152
2187	804.058
2188	808.331
2189	800.037
2190	800.156
2191	809.693
2192	793.319
2193	804.31
2194	803.703
2195	802.491
2196	792.575
2197	798.312
2198	798.605
2199	804.257
2200	784.141
2201	814.118
2202	809.57
2203	790.049
2204	805.43
2205	798.441
2206	775.986
2207	805.893
2208	806.229
2209	789.958
2210	782.388
2211	795.731
2212	794.858
2213	804.624
2214	805.128
2215	799.215
2216	791.347
2217	783.987
2218	799.235
2219	805.974
2220	798.276
2221	788.952
2222	802.535
2223	810.418
2224	790.546
2225	803.998
2226	810.765
2227	818.612
2228	810.723
2229	795.116
2230	786.436
2231	804.578
2232	810.623
2233	794.546
2234	803.396
2235	802.158
2236	804.084
2237	792.64
2238	798.523
2239	811.375
2240	819.141
2241	807.571
2242	801.039
2243	806.91
2244	786.083
2245	803.444
2246	801.728
2247	792.27
2248	807.2
2249	773.767
2250	793.82
2251	797.063
2252	802.048
2253	791.991
2254	793.815
2255	796.288
2256	799.198
2257	807.1
2258	791.74
2259	804.102
2260	800.554
2261	803.293
2262	804.463
2263	801.049
2264	799.684
2265	810.812
2266	800.888
2267	806.991
2268	798.5
2269	789.781
2270	809.409
2271	816.162
2272	789.933
2273	790.561
2274	795.226
2275	779.094
2276	802.942
2277	800.095
2278	785.368
2279	793.06
2280	789.621
2281	796.399
2282	799.719
2283	801.19
2284	798.205
2285	803.368
2286	807.218
2287	796.435
2288	760.262
2289	764.995
2290	817.666
2291	801.328
2292	799.909
2293	803.274
2294	798.385
2295	791.788
2296	796.954
2297	807.055
2298	802.4
2299	811.333
2300	811.294
2301	795.999
2302	802.991
2303	811.692
2304	807.728
2305	803.635
2306	791.035
2307	813.207
2308	819.914
2309	814.002
2310	793.926
2311	810.607
2312	793.687
2313	805.983
2314	817.792
2315	801.109
2316	807.904
2317	791.082
2318	776.875
2319	810.828
2320	810.974
2321	799.822
2322	804.764
2323	803.104
2324	787.421
2325	805.267
2326	799.578
2327	796.001
2328	791.935
2329	805.147
2330	806.323
2331	796.235
2332	824.225
2333	813.71
2334	806.047
2335	803.675
2336	805.665
2337	805.019
2338	804.581
2339	810.017
2340	794.6
2341	804.329
2342	803.303
2343	797.643
2344	794.861
2345	808.53
2346	806.609
2347	798.005
2348	782.714
2349	796.72
2350	803.749
2351	790.628
2352	808.521
2353	807.814
2354	798.783
2355	801.493
2356	778.689
2357	805.356
2358	788.572
2359	793.063
2360	787.405
2361	798.517
2362	794.66
2363	801.498
2364	817.544
2365	801.1
2366	800.877
2367	809.195
2368	806.734
2369	801.214
2370	808.874
2371	794.52
2372	803.305
2373	821.877
2374	796.067
2375	816.923
2376	805.059
2377	797.129
2378	803.215
2379	797.233
2380	783.973
2381	793.037
2382	796.38
2383	791.8
2384	782.609
2385	792.378
2386	808.093
2387	808.723
2388	707.258
2389	801.612
2390	797.266
2391	816.955
2392	817.118
2393	798.481
2394	794.631
2395	805.62
2396	807.95
2397	786.95
2398	795.706
2399	806.092
2400	799.563
2401	790.717
2402	791.628
2403	787.661
2404	811.028
2405	803.281
2406	796.372
2407	800.752
2408	815.827
2409	795.572
2410	790.093
2411	796.022
2412	791.281
2413	811.077
2414	799.36
2415	796.813
2416	803.684
2417	799.866
2418	792.279
2419	794.425
2420	808.837
2421	798.552
2422	789.972
2423	798.3
2424	817.591
2425	813.998
2426	791.357
2427	800.739
2428	793.692
2429	810.335
2430	794.253
2431	814.148
2432	800.497
2433	805.378
2434	795.595
2435	791.359
2436	799.365
2437	794.273
2438	807.008
2439	793.749
2440	814.994
2441	799.733
2442	791.259
2443	807.142
2444	796.885
2445	782.587
2446	806.398
2447	821.275
2448	791.843
2449	803.134
2450	808.05
2451	812.93
2452	804.584
2453	810.062
2454	810.352
2455	790.936
2456	796.671
2457	793.116
2458	808.259
2459	795.368
2460	800.798
2461	791.174
2462	795.149
2463	801.123
2464	804.83
2465	797.892
2466	805.309
2467	792.778
2468	800.915
2469	802.888
2470	799.102
2471	798.391
2472	793.646
2473	818.572
2474	804.509
2475	794.306
2476	798.623
2477	806.574
2478	796.347
2479	799.146
2480	813.568
2481	800.917
2482	791.583
2483	797.028
2484	804.898
2485	809.882
2486	811.676
2487	780.463
2488	796.693
2489	810.232
2490	826.789
2491	813.69
2492	810.325
2493	810.096
2494	815.287
2495	806.29
2496	811.467
2497	788.288
2498	802.414
2499	797.721
2500	792.272
2501	800.022
2502	800.479
2503	790.63
2504	784.532
2505	793.59
2506	806.297
2507	795.45
2508	789.973
2509	808.788
2510	801.117
2511	802.756
2512	808.963
2513	808.988
2514	815.789
2515	800.871
2516	803.027
2517	787.716
2518	788.082
2519	761.484
2520	808.841
2521	808.507
2522	804.191
2523	804.362
2524	810.845
2525	799.326
2526	794.217
2527	799.291
2528	794.075
2529	802.911
2530	780.217
2531	805.547
2532	804.773
2533	810.505
2534	802.388
2535	815.632
2536	801.383
2537	808.788
2538	808.498
2539	811.049
2540	805.906
2541	791.288
2542	809.684
2543	806.47
2544	813.536
2545	807.91
2546	791.357
2547	796.095
2548	790.971
2549	806.003
2550	795.871
2551	819.728
2552	799.81
2553	792.613
2554	797.971
2555	837.06
2556	814.659
2557	806.315
2558	795.899
2559	802.911
2560	793.753
2561	801.313
2562	802.404
2563	805.692
2564	803.608
2565	808.846
2566	802.135
2567	815.033
2568	787.073
2569	796.475
2570	781.999
2571	788.305
2572	794.13
2573	823.614
2574	796.032
2575	776.693
2576	784.939
2577	799.067
2578	801.236
2579	797.562
2580	823.727
2581	820.246
2582	812.689
2583	793.158
2584	800.625
2585	803.369
2586	806.938
2587	795.6
2588	796.82
2589	797.951
2590	810.57
2591	788.118
2592	809.488
2593	790.869
2594	801.468
2595	814.567
2596	801.641
2597	810.429
2598	787.798
2599	781.692
2600	801.069
2601	798.475
2602	783.691
2603	813.143
2604	810.578
2605	793.145
2606	804.796
2607	788.355
2608	804.735
2609	794.277
2610	801.344
2611	820.38
2612	797.443
2613	799.562
2614	800.093
2615	808.047
2616	789.646
2617	792.152
2618	802.552
2619	798.735
2620	816.972
2621	809.807
2622	801.224
2623	798.947
2624	793.758
2625	814.108
2626	805.023
2627	802.967
2628	797.094
2629	798.44
2630	803.318
2631	796.185
2632	798.247
2633	800.316
2634	793.152
2635	792.108
2636	796.61
2637	781.773
2638	765.679
2639	796.181
2640	783.583
2641	801.591
2642	805.779
2643	805.651
2644	771.379
2645	788.04
2646	793.787
2647	803.545
2648	794.75
2649	801.212
2650	791.151
2651	809.479
2652	815.903
2653	804.19
2654	806.756
2655	795.485
2656	808.326
2657	800.524
2658	800.935
2659	800.11
2660	797.485
2661	809.652
2662	810.763
2663	804.838
2664	798.293
2665	799.844
2666	777.171
2667	793.644
2668	805.563
2669	803.83
2670	801.006
2671	803.111
2672	791.407
2673	787.496
2674	812.136
2675	793.895
2676	798.359
2677	787.184
2678	809.655
2679	793.109
2680	791.964
2681	795.101
2682	795.908
2683	810.276
2684	815.917
2685	791.362
2686	802.876
2687	799.709
2688	794.105
2689	801.569
2690	802.407
2691	798.978
2692	804.205
2693	798.419
2694	802.986
2695	803.98
2696	797.611
2697	801.726
2698	801.193
2699	791.559
2700	818.583
2701	800.802
2702	800.395
2703	798.96
2704	799.824
2705	811.659
2706	765.081
2707	796.168
2708	808.729
2709	805.206
2710	795.194
2711	799.054
2712	804.114
2713	816.375
2714	813.517
2715	788.61
2716	791.457
2717	797.367
2718	796.063
2719	809.357
2720	804.005
2721	801.626
2722	815.875
2723	805.313
2724	793.533
2725	798.25
2726	797.267
2727	797.299
2728	808.329
2729	798.458
2730	805.66
2731	818.737
2732	806.659
2733	789.095
2734	810.171
2735	794.05
2736	805.635
2737	815.817
2738	803.351
2739	800.485
2740	776.608
2741	786.636
2742	803.919
2743	803.274
2744	804.783
2745	798.623
2746	810.997
2747	794.247
2748	779.898
2749	808.226
2750	802.343
2751	765.026
2752	802.189
2753	801.927
2754	789.851
2755	787.78
2756	793.262
2757	801.225
2758	801.738
2759	799.526
2760	808.483
2761	811.177
2762	817.619
2763	807.058
2764	800.514
2765	805.826
2766	804.859
2767	810.837
2768	799.433
2769	773.79
2770	789.581
2771	802.783
2772	792.633
2773	798.294
2774	804.088
2775	805.42
2776	809.469
2777	813.887
2778	811.886
2779	796.052
2780	800.991
2781	797.479
2782	812.88
2783	804.279
2784	805.07
2785	799.614
2786	796.255
2787	813.779
2788	816.838
2789	796.351
2790	782.239
2791	820.638
2792	790.578
2793	811.539
2794	785.017
2795	800.061
2796	789.937
2797	800.723
2798	803.06
2799	791.777
2800	801.011
2801	806.623
2802	808.411
2803	796.64
2804	803.648
2805	800.61
2806	797.258
2807	820.111
2808	804.139
2809	808.581
2810	816.113
2811	804.032
2812	803.198
2813	742.388
2814	805.126
2815	795.069
2816	813.711
2817	809.281
2818	789.96
2819	813.302
2820	789.062
2821	811.206
2822	799.303
2823	812.773
2824	805.66
2825	807.08
2826	786.774
2827	811.075
2828	795.589
2829	802.616
2830	807.534
2831	802.132
2832	812.006
2833	797.379
2834	796.223
2835	790.82
2836	806.529
2837	812.761
2838	800.821
2839	798.214
2840	803.349
2841	797.681
2842	779.464
2843	794.913
2844	798.354
2845	752.983
2846	808.976
2847	789.636
2848	794.257
2849	804.585
2850	792.138
2851	802.903
2852	804.192
2853	803.835
2854	794.436
2855	798.87
2856	799.215
2857	819.655
2858	797.339
2859	794.502
2860	805.655
2861	806.026
2862	786.29
2863	794.188
2864	803.069
2865	814.591
2866	806.932
2867	793.982
2868	811.22
2869	791.761
2870	804.657
2871	799.673
2872	793.677
2873	812.483
2874	802.255
2875	803.154
2876	793.333
2877	802.443
2878	813.33
2879	800.253
2880	788.162
2881	784.052
2882	787.77
2883	796.482
2884	788.204
2885	795.655
2886	795.121
2887	786.755
2888	802.144
2889	821.872
2890	808.452
2891	807.852
2892	802.947
2893	806.375
2894	804.388
2895	795.563
2896	797.204
2897	811.615
2898	814.099
2899	825.157
2900	810.704
2901	809.939
2902	797.628
2903	815.671
2904	798.161
2905	787.065
2906	809.034
2907	792.273
2908	787.171
2909	805.206
2910	801.39
2911	801.694
2912	794.896
2913	793.303
2914	798.33
2915	802.028
2916	756.411
2917	817.961
2918	819.027
2919	797.371
2920	814.707
2921	802.339
2922	790.284
2923	801.631
2924	786.556
2925	802.68
2926	799.974
2927	812.711
2928	789.376
2929	804.87
2930	803.38
2931	801.187
2932	792.352
2933	802.726
2934	798.958
2935	804.028
2936	798.364
2937	793.235
2938	811.634
2939	806.646
2940	796.766
2941	802.197
2942	797.958
2943	799.093
2944	813.707
2945	799.319
2946	797.215
2947	794.756
2948	798.907
2949	789.206
2950	804.255
2951	800.243
2952	801.929
2953	801.123
2954	800.689
2955	810.634
2956	815.202
2957	794.081
2958	808.241
2959	798.137
2960	795.97
2961	804.854
2962	812.316
2963	794.067
2964	803.518
2965	789.144
2966	796.284
2967	791.653
2968	804.289
2969	790.804
2970	808.498
2971	806.799
2972	816.29
2973	811.184
2974	795.894
2975	806.647
2976	804.531
2977	798.924
2978	812.361
2979	802.262
2980	809.076
2981	789.561
2982	794.626
2983	805.595
2984	816.538
2985	800.213
2986	803.444
2987	810.374
2988	805.533
2989	793.008
2990	785.398
2991	792.171
2992	782.575
2993	799.405
2994	810.885
2995	806.899
2996	796.069
2997	811.919
2998	798.332
2999	800.946
3000	791.588
3001	800.234
3002	802.268
3003	793.758
3004	764.614
3005	797.992
3006	802.776
3007	800.116
3008	811.049
3009	807.01
3010	800.531
3011	810.388
3012	810.259
3013	802.923
3014	782.801
3015	794.608
3016	808.698
3017	805.841
3018	802.089
3019	792.098
3020	802.67
3021	797.503
3022	803.935
3023	818.29
3024	789.892
3025	814.941
3026	795.694
3027	805.054
3028	807.768
3029	816.386
3030	807.928
3031	792.857
3032	788.36
3033	798.592
3034	807.911
3035	810.735
3036	776.444
3037	807.34
3038	800.759
3039	807.745
3040	796.703
3041	865.04
3042	807.137
3043	793.082
3044	806.326
3045	804.524
3046	813.349
3047	808.046
3048	807.33
3049	811.015
3050	784.22
3051	803.653
3052	788.879
3053	802.352
3054	793.853
3055	796.038
3056	801.453
3057	817.743
3058	805.411
3059	804.977
3060	787.445
3061	798.306
3062	792.272
3063	806.84
3064	793.271
3065	806.769
3066	805.328
3067	799.213
3068	824.381
3069	814.345
3070	790.882
3071	798.349
3072	798.25
3073	801.699
3074	790.005
3075	799.452
3076	798.192
3077	795.124
3078	793.118
3079	791.599
3080	812.846
3081	802.833
3082	793.328
3083	802.125
3084	781.437
3085	782.096
3086	802.708
3087	797.847
3088	801.992
3089	792.548
3090	791.695
3091	803.031
3092	797.875
3093	786.885
3094	799.733
3095	798.589
3096	807.413
3097	799.353
3098	797.368
3099	806.144
3100	785.701
3101	802.393
3102	804.152
3103	788.687
3104	809.243
3105	802.476
3106	805.718
3107	810.987
3108	807.341
3109	813.946
3110	819.114
3111	803.615
3112	803.71
3113	809.068
3114	778.864
3115	806.091
3116	797.202
3117	809.91
3118	804.681
3119	797.817
3120	796.224
3121	802.015
3122	794.538
3123	797.366
3124	791.255
3125	792.378
3126	808.342
3127	788.354
3128	805.713
3129	802.138
3130	779.471
3131	775.11
3132	803.254
3133	795.588
3134	808.928
3135	800.043
3136	804.591
3137	811.763
3138	797.909
3139	795.767
3140	792.42
3141	802.231
3142	791.048
3143	799.873
3144	807.393
3145	799.087
3146	799.483
3147	781.982
3148	794.239
3149	806.483
3150	807.268
3151	811.548
3152	810.216
3153	810.726
3154	815.758
3155	804.787
3156	802.834
3157	799.311
3158	788.205
3159	805.802
3160	799.34
3161	814.618
3162	799.395
3163	785.64
3164	806.232
3165	786.136
3166	810.437
3167	805.833
3168	795.498
3169	804.777
3170	798.134
3171	803.879
3172	780.139
3173	802.41
3174	797.74
3175	785.94
3176	803.746
3177	792.521
3178	805.412
3179	798.804
3180	779.278
3181	802.894
3182	808.934
3183	799.698
3184	801.332
3185	817.919
3186	791.82
3187	804.983
3188	807.23
3189	762.314
3190	808.786
3191	793.545
3192	800.911
3193	813.072
3194	819.627
3195	806.89
3196	795.818
3197	816.043
3198	794.602
3199	799.639
3200	798.544
3201	800.601
3202	800.699
3203	790.078
3204	798.612
3205	801.863
3206	795.523
3207	792.447
3208	816.414
3209	785.322
3210	809.818
3211	795.454
3212	810.254
3213	800.849
3214	788.262
3215	805.228
3216	806.252
3217	804.119
3218	799.57
3219	805.234
3220	804.793
3221	788.998
3222	799.185
3223	783.643
3224	796.185
3225	787.397
3226	787.18
3227	792.847
3228	807.468
3229	797.653
3230	805.637
3231	834.442
3232	819.834
3233	811.563
3234	801.692
3235	810.199
3236	820.862
3237	806.894
3238	798.241
3239	782.432
3240	795.015
3241	797.745
3242	800.519
3243	793.421
3244	787.068
3245	796.732
3246	796.596
3247	793.851
3248	801.416
3249	803.128
3250	799.926
3251	804.571
3252	790.855
3253	805.285
3254	793.742
3255	792.493
3256	796.963
3257	782.118
3258	805.352
3259	798.779
3260	833.269
3261	809.207
3262	795.653
3263	790.004
3264	797.734
3265	818.525
3266	805.035
3267	810.529
3268	806.752
3269	817.237
3270	820.21
3271	826.378
3272	798.435
3273	803.445
3274	789.434
3275	793.016
3276	789.92
3277	784.414
3278	794.898
3279	808.357
3280	801.595
3281	794.512
3282	794.59
3283	795.281
3284	792.125
3285	793.521
3286	805.364
3287	794.7
3288	785.171
3289	789.762
3290	802.596
3291	782.464
3292	802.983
3293	808.361
3294	783.562
3295	799.25
3296	800.642
3297	788.498
3298	797.303
3299	800.777
3300	805.596
3301	803.493
3302	780.58
3303	793.027
3304	801.866
3305	794.484
3306	788.474
3307	797.634
3308	824.461
3309	804.12
3310	822.598
3311	810.056
3312	803.106
3313	779.639
3314	793.146
3315	795.789
3316	795.374
3317	802.377
3318	794.206
3319	796.448
3320	789.309
3321	794.453
3322	793.463
3323	811.494
3324	802.674
3325	795.278
3326	799.863
3327	806.258
3328	803.077
3329	808.492
3330	809.149
3331	787.97
3332	806.049
3333	789.803
3334	813.494
3335	810.269
3336	802.887
3337	805.524
3338	817.46
3339	804.342
3340	798.671
3341	799.377
3342	808.049
3343	810.991
3344	792.14
3345	803.509
3346	789.138
3347	804.074
3348	815.96
3349	801.112
3350	792.714
3351	802.821
3352	798.46
3353	790.624
3354	799.1
3355	802.786
3356	790.386
3357	799.529
3358	804.622
3359	807.078
3360	794.571
3361	808.834
3362	808.261
3363	797.105
3364	802.599
3365	799.819
3366	791.234
3367	803.151
3368	800.201
3369	783.994
3370	802.5
3371	799.65
3372	790.252
3373	770.248
3374	795.459
3375	783.644
3376	812.881
3377	798.837
3378	812.688
3379	802.524
3380	806.148
3381	814.409
3382	793.368
3383	796.677
3384	798.873
3385	805.114
3386	821.411
3387	796.679
3388	802.174
3389	793.778
3390	793.231
3391	794.12
3392	799.672
3393	801.729
3394	804.893
3395	795.232
3396	811.365
3397	809.725
3398	808.389
3399	814.716
3400	810.183
3401	808.519
3402	795.906
3403	803.023
3404	795.722
3405	816.974
3406	812.681
3407	834.477
3408	784.245
3409	793.441
3410	801.905
3411	791.868
3412	796.772
3413	807.854
3414	811.067
3415	809.981
3416	803.332
3417	800.041
3418	792.918
3419	798.325
3420	788.805
3421	813.194
3422	801.919
3423	788.625
3424	801.964
3425	811.055
3426	807.424
3427	810.506
3428	804.042
3429	806.236
3430	801.416
3431	797.71
3432	803.691
3433	814.007
3434	809.156
3435	796.19
3436	811.013
3437	808.486
3438	795.97
3439	808.718
3440	794.07
3441	808.402
3442	807.248
3443	817.585
3444	796.114
3445	794.679
3446	801.213
3447	795.376
3448	817.132
3449	797.049
3450	789.279
3451	818.752
3452	812.997
3453	810.048
3454	790.218
3455	803.387
3456	810.8
3457	807.429
3458	804.011
3459	801.764
3460	799.409
3461	791.618
3462	802.74
3463	781.828
3464	785.785
3465	776.989
3466	799.828
3467	811.035
3468	799.915
3469	785.455
3470	806.59
3471	807.2
3472	790.422
3473	790.75
3474	807.353
3475	815.052
3476	816.312
3477	799.666
3478	782.417
3479	797.281
3480	802.136
3481	805.026
3482	803.51
3483	811.406
3484	806.759
3485	802.266
3486	802.534
3487	794.099
3488	803.478
3489	796.26
3490	795.474
3491	804.444
3492	824.787
3493	810.124
3494	788.962
3495	812.459
3496	791.398
3497	800.097
3498	785.994
3499	822.844
3500	801.848
3501	819.027
3502	800.212
3503	788.376
3504	784.433
3505	794.793
3506	796.682
3507	813.144
3508	801.701
3509	802.466
3510	793.766
3511	791.37
3512	812.327
3513	794.847
3514	803.831
3515	798.429
3516	796.102
3517	804.495
3518	803.749
3519	807.285
3520	802.98
3521	799.683
3522	779.944
3523	801.974
3524	800.207
3525	794.705
3526	796.978
3527	789.389
3528	806.026
3529	800.162
3530	799.935
3531	808.811
3532	808.877
3533	797.676
3534	791.76
3535	792.808
3536	803.259
3537	780.732
3538	785.664
3539	793.612
3540	792.624
3541	837.259
3542	802.949
3543	791.94
3544	808.945
3545	797.223
3546	787.518
3547	805.689
3548	794.197
3549	801.964
3550	791.813
3551	793.832
3552	806.066
3553	803.49
3554	793.537
3555	799.3
3556	782.577
3557	801.45
3558	796.337
3559	810.636
3560	818.208
3561	806.227
3562	809.999
3563	812.941
3564	797.755
3565	819.516
3566	808.495
3567	791.022
3568	799.293
3569	803.598
3570	788.082
3571	798.398
3572	795.295
3573	805.566
3574	795.738
3575	792.757
3576	805.66
3577	802.212
3578	812.426
3579	807.564
3580	811.413
3581	809.136
3582	808.029
3583	772.703
3584	798.806
3585	803.457
3586	812.376
3587	797.567
3588	804.368
3589	807.701
3590	801.83
3591	797.498
3592	807.972
3593	805.586
3594	798.804
3595	803.71
3596	797.105
3597	797.666
3598	795.212
3599	798.947
3600	805.727
3601	799.057
3602	789.92
3603	806.291
3604	802.819
3605	802.716
3606	797.504
3607	797.975
3608	809.596
3609	794.763
3610	795.735
3611	799.345
3612	806.59
3613	805.804
3614	811.444
3615	807.884
3616	812.657
3617	782.811
3618	803.657
3619	789.645
3620	796.781
3621	797.303
3622	794.611
3623	798.229
3624	812.096
3625	807.151
3626	792.811
3627	778.006
3628	789.295
3629	807.614
3630	810.821
3631	809.966
3632	803.643
3633	792.1
3634	798.84
3635	794.827
3636	782.831
3637	789.799
3638	808.025
3639	803.422
3640	805.728
3641	794.264
3642	802.29
3643	799.931
3644	776.885
3645	795.828
3646	801.651
3647	814.481
3648	818.7
3649	818.117
3650	802.227
3651	815.584
3652	805.222
3653	794.139
3654	784.385
3655	789.96
3656	810.678
3657	802.048
3658	786.899
3659	802.129
3660	785.634
3661	804.038
3662	810.483
3663	809.615
3664	803.717
3665	804.798
3666	818.895
3667	798.728
3668	805.693
3669	817.06
3670	801.449
3671	784.996
3672	803.369
3673	794.034
3674	801.601
3675	795.69
3676	796.068
3677	810.717
3678	792.269
3679	804.878
3680	811.951
3681	800.6
3682	805.051
3683	815.394
3684	793.593
3685	788.527
3686	808.222
3687	785.355
3688	799.366
3689	801.022
3690	795.968
3691	788.893
3692	796.104
3693	791.744
3694	819.921
3695	792.992
3696	819.756
3697	801.139
3698	801.723
3699	812.964
3700	794.3
3701	815.257
3702	807.18
3703	817.645
3704	813.08
3705	808.568
3706	827.16
3707	801.557
3708	799.278
3709	792.38
3710	795.976
3711	801.762
3712	804.607
3713	820.11
3714	815.896
3715	806.264
3716	794.327
3717	802.016
3718	775.568
3719	798.212
3720	813.772
3721	804.519
3722	814.149
3723	823.034
3724	801.752
3725	798.01
3726	810.098
3727	821.784
3728	810.764
3729	821.752
3730	806.585
3731	792.264
3732	781.081
3733	795.517
3734	809.287
3735	802.53
3736	803.775
3737	798.686
3738	809.427
3739	787.028
3740	811.652
3741	822.796
3742	803.815
3743	802.977
3744	805.662
3745	801.708
3746	804.771
3747	791.488
3748	795.639
3749	787.898
3750	786.598
3751	802.23
3752	810.485
3753	802.559
3754	802.54
3755	800.489
3756	800.835
3757	804.854
3758	792.803
3759	804.346
3760	803.126
3761	808.727
3762	809.33
3763	799.708
3764	809.786
3765	804.855
3766	801.354
3767	798.869
3768	788.27
3769	808.591
3770	799.453
3771	796.659
3772	790.887
3773	794.453
3774	809.829
3775	800.895
3776	787.886
3777	790.937
3778	813.943
3779	803.4
3780	804.439
3781	796.805
3782	795.589
3783	826.246
3784	796.73
3785	799.603
3786	807.495
3787	799.85
3788	801.01
3789	800.674
3790	816.264
3791	819.015
3792	802.577
3793	807.097
3794	812.149
3795	801.777
3796	805.374
3797	788.379
3798	809.229
3799	800.685
3800	812.302
3801	807.324
3802	820.111
3803	816.987
3804	802.469
3805	800.563
3806	810.332
3807	810.1
3808	804.314
3809	806.002
3810	794.619
3811	766.055
3812	814.998
3813	811.738
3814	786.052
3815	790.614
3816	798.238
3817	778.665
3818	789.816
3819	799.039
3820	801.736
3821	796.695
3822	810.176
3823	808.396
3824	806.739
3825	794.426
3826	813.393
3827	805.017
3828	799.128
3829	843.695
3830	791.213
3831	806.109
3832	819.623
3833	806.407
3834	801.274
3835	802.129
3836	796.245
3837	803.663
3838	788.734
3839	800.938
3840	804.077
3841	804.812
3842	792.679
3843	805.433
3844	801.154
3845	796.777
3846	801.236
3847	806.641
3848	811.677
3849	801.434
3850	808.736
3851	812.738
3852	807.605
3853	779.092
3854	798.589
3855	809.154
3856	801.627
3857	807.561
3858	798.164
3859	792.099
3860	797.866
3861	791.812
3862	812.457
3863	803.222
3864	790.78
3865	796.618
3866	805.334
3867	772.273
3868	803.654
3869	788
3870	806.585
3871	800.913
3872	806.551
3873	808.04
3874	817.699
3875	800.068
3876	818.209
3877	807.397
3878	802.469
3879	807.231
3880	805.974
3881	813.394
3882	819.832
3883	807.111
3884	809.246
3885	799.476
3886	793.552
3887	808.526
3888	800.552
3889	804.948
3890	809.344
3891	788.008
3892	802.481
3893	810.638
3894	819.671
3895	800.945
3896	804.99
3897	803.744
3898	792.582
3899	803.478
3900	822.515
3901	815.262
3902	808.418
3903	813.825
3904	807.582
3905	808.053
3906	804.368
3907	809.08
3908	796.454
3909	796.63
3910	808.598
3911	799.181
3912	808.267
3913	807.51
3914	805.831
3915	792.898
3916	807.587
3917	826.807
3918	803.279
3919	809.907
3920	799.094
3921	794.755
3922	806.639
3923	805.429
3924	790.221
3925	813.715
3926	794.485
3927	788.491
3928	800.061
3929	803.73
3930	809.602
3931	799.142
3932	809.355
3933	801.389
3934	812.496
3935	805.633
3936	821.067
3937	795.871
3938	800.156
3939	797.231
3940	796.891
3941	774.753
3942	816.277
3943	828.378
3944	813.694
3945	803.018
3946	789.2
3947	807.831
3948	803.274
3949	794.287
3950	808.434
3951	815.712
3952	803.746
3953	807.54
3954	822.679
3955	791.091
3956	796.811
3957	801.589
3958	794.578
3959	802.504
3960	807.268
3961	793.359
3962	815.299
3963	803.012
3964	793.264
3965	786.925
3966	805.254
3967	782.92
3968	806.696
3969	799.603
3970	812.146
3971	794.69
3972	801.292
3973	799.18
3974	787.606
3975	817.216
3976	791.799
3977	798.848
3978	798.994
3979	794.882
3980	802.453
3981	804.749
3982	797.865
3983	792.477
3984	793.296
3985	813.339
3986	796.011
3987	797.068
3988	790.532
3989	798.928
3990	801.79
3991	803.289
3992	795.733
3993	801.661
3994	801.064
3995	804.694
3996	788.45
3997	787.521
