1	482.609
2	453.158
3	445.333
4	442.95
5	376.487
6	381.75
7	474.547
8	507.942
9	453.833
10	449.515
11	479.878
12	467.145
13	482.474
14	494.759
15	455.496
16	267.736
17	517.395
18	374.556
19	466.269
20	525.372
21	389.633
22	406.701
23	495.283
24	474.928
25	486.757
26	487.015
27	384.847
28	556.902
29	541.653
30	458.551
31	443.597
32	441.567
33	323.775
34	370.816
35	456.142
36	564.723
37	488.699
38	413.18
39	377.777
40	489.175
41	459.247
42	459.077
43	453.439
44	471.792
45	459.574
46	249.402
47	400.951
48	547.332
49	517.269
50	526.513
51	515.943
52	431.011
53	452.472
54	501.134
55	462.729
56	509.71
57	531.876
58	381.907
59	376.612
60	367.19
61	402.056
62	428.225
63	516.261
64	363.689
65	492.103
66	510.832
67	471.6
68	302.242
69	324.587
70	438.489
71	447.105
72	177.786
73	515.243
74	459.68
75	369.697
76	482.452
77	417.203
78	470.767
79	327.532
80	473.797
81	573.331
82	353.79
83	530.628
84	492.46
85	-237.43
86	491.498
87	486.121
88	486.569
89	480.329
90	499.188
91	477.999
92	445.097
93	562.602
94	522.487
95	371.161
96	517.976
97	445.859
98	591.68
99	482.992
100	511.152
101	476.298
102	294.537
103	411.313
104	137.724
105	440.94
106	523.151
107	475.814
108	465.633
109	422.417
110	123.908
111	124.74
112	512.424
113	437.007
114	506.971
115	505.814
116	461.991
117	312.435
118	504.011
119	433.935
120	508.609
121	468.431
122	-33.1427
123	294.043
124	492.668
125	525.145
126	527.14
127	477.198
128	446.904
129	583.616
130	418.024
131	282.95
132	546.855
133	461.926
134	515.265
135	412.599
136	527.837
137	480.095
138	443.751
139	486.006
140	538.521
141	419.955
142	506.644
143	456.665
144	499.398
145	504.601
146	456.309
147	460.244
148	483.242
149	463.741
150	336.821
151	397.915
152	-351.786
153	455.56
154	390.554
155	47.9805
156	434.924
157	264.519
158	439.834
159	496.317
160	538.921
161	550.69
162	561.175
163	600.958
164	461.806
165	336.07
166	347
167	421.922
168	415.565
169	533.568
170	452.639
171	516.752
172	436.091
173	447.401
174	512.494
175	277.447
176	500.373
177	478.861
178	461.998
179	486.514
180	485.17
181	478.658
182	425.281
183	424.077
184	508.388
185	429.491
186	387.635
187	427.103
188	450.86
189	526.448
190	486.372
191	535.784
192	413.222
193	380.607
194	523.268
195	403.982
196	484.322
197	448.229
198	220.127
199	478.29
200	243.377
201	384.515
202	429.008
203	258.96
204	401.632
205	499.765
206	562.97
207	478.623
208	441.307
209	394.667
210	495.901
211	483.553
212	507.689
213	486.424
214	445.151
215	-87.4011
216	445.853
217	355.205
218	213.609
219	553.182
220	437.569
221	367.049
222	375.505
223	351.187
224	367.273
225	303.205
226	357.896
227	368.681
228	312.526
229	355.052
230	501.206
231	353.491
232	541.025
233	426.691
234	487.905
235	482.211
236	440.181
237	483.991
238	496.553
239	508.68
240	373.162
241	402.558
242	523.319
243	521.031
244	522.658
245	482.013
246	453.512
247	383.402
248	-360.319
249	-355.225
250	270.849
251	526.582
252	398.343
253	-65.466
254	496.671
255	260.847
256	218.347
257	413.059
258	424.86
259	471.146
260	448.619
261	396.025
262	450.218
263	452.393
264	509.292
265	493.206
266	431.929
267	499.893
268	422.759
269	251.809
270	476.027
271	472.144
272	483.67
273	524.022
274	432.038
275	313.394
276	425.231
277	476.066
278	412.295
279	375.862
280	500.626
281	428.946
282	320.597
283	485.253
284	437.853
285	363.911
286	368.792
287	401.598
288	488.054
289	401.298
290	365.521
291	465.585
292	431.336
293	455.969
294	299.363
295	400.701
296	464.093
297	519.182
298	486.317
299	347.993
300	366.902
301	488.77
302	468.238
303	-70.3291
304	268.019
305	509.866
306	186.505
307	545.47
308	395.459
309	420.688
310	426.301
311	418.966
312	422.986
313	584.016
314	409.884
315	463.421
316	519.347
317	487.945
318	502.68
319	518.001
320	541.782
321	454.758
322	420.176
323	471.261
324	453.529
325	494.094
326	532.445
327	166.326
328	477.586
329	543.753
330	462.968
331	496.617
332	459.775
333	510.16
334	473.749
335	541.391
336	478.38
337	517.953
338	435.304
339	595.902
340	523.886
341	543.331
342	328.645
343	81.1414
344	437.266
345	288.73
346	458.971
347	386.91
348	394.867
349	462.146
350	368.18
351	-185.866
352	-132.581
353	-155.006
354	399.124
355	425.038
356	568.782
357	416.715
358	450.786
359	75.7034
360	369.183
361	289.762
362	397.269
363	-263.593
364	365.194
365	514.985
366	443.099
367	419.909
368	511.81
369	480.42
370	470.212
371	458.31
372	488.996
373	17.2998
374	28.0908
375	288.084
376	526.715
377	520.964
378	433.116
379	519.712
380	518.166
381	342.387
382	530.37
383	507.68
384	446.865
385	449.527
386	500.758
387	421.501
388	371.624
389	485.315
390	477.361
391	404.182
392	459.266
393	386.548
394	435.566
395	477.508
396	506.616
397	407.473
398	498.737
399	486.695
400	409.28
401	507.478
402	420.963
403	504.147
404	373.271
405	527.921
406	494.477
407	481.184
408	484.132
409	573.469
410	495.892
411	407.827
412	477.081
413	481.608
414	532.281
415	409.157
416	322.868
417	484.044
418	339.845
419	402.273
420	225.337
421	518.935
422	364.84
423	580.29
424	511.953
425	552.922
426	556.768
427	550.599
428	526.821
429	538.772
430	574.096
431	498.631
432	481.886
433	472.499
434	-543.534
435	335.933
436	473.729
437	554.147
438	500.485
439	464.093
440	495.341
441	569.165
442	531.174
443	517.607
444	144.125
445	300.257
446	556.785
447	468.285
448	446.149
449	424.986
450	475.975
451	410.68
452	441.001
453	500.911
454	232.072
455	337.782
456	326.525
457	316.483
458	459.739
459	472.702
460	484.164
461	369.906
462	380.873
463	382.681
464	498.746
465	435.547
466	434.201
467	466.999
468	463.017
469	361.338
470	409.441
471	464
472	494.177
473	193.832
474	543.922
475	314.751
476	375.979
477	528.942
478	444.042
479	512.025
480	466.817
481	392.952
482	392.133
483	479.422
484	397.042
485	503.881
486	386.132
487	451.724
488	427.079
489	411.502
490	477.902
491	443.208
492	359.612
493	479.61
494	512.127
495	496.33
496	421.104
497	380.6
498	481.084
499	537.137
500	485.918
501	460.357
502	438.061
503	-172.452
504	-67.7255
505	506.83
506	572.542
507	477.981
508	314.284
509	551.62
510	504.405
511	459.134
512	442.151
513	506.531
514	370.163
515	412.451
516	474.587
517	454.857
518	417.922
519	428.421
520	515.718
521	370.238
522	489.17
523	461.759
524	385.795
525	433.989
526	459.645
527	499.495
528	473.669
529	489.703
530	475.326
531	447.614
532	463.241
533	368.16
534	330.057
535	454.51
536	430.71
537	404.62
538	473.976
539	521.835
540	509.253
541	427.007
542	478.599
543	441.848
544	411.996
545	503.228
546	502.915
547	511.294
548	468.526
549	487.108
550	582.715
551	480.846
552	433.362
553	449.815
554	484.43
555	498.059
556	440.132
557	492.018
558	393.914
559	435.064
560	200.302
561	37.9468
562	490.483
563	624.009
564	536.242
565	416.089
566	451.728
567	537.836
568	524.54
569	333.04
570	546.88
571	505.587
572	504.169
573	477.858
574	527.723
575	453.971
576	522.633
577	565.1
578	455.188
579	379.077
580	458.582
581	537.651
582	464.364
583	434.8
584	488.744
585	456.084
586	545.404
587	216.934
588	491.213
589	310.258
590	366.487
591	459.52
592	77.4868
593	474.231
594	463.985
595	509.854
596	544.901
597	443.628
598	543.441
599	492.592
600	441.42
601	471.828
602	455.511
603	479.185
604	488.919
605	471.614
606	319.397
607	443.368
608	430.657
609	445.058
610	462.114
611	429.942
612	574.175
613	519.485
614	515.311
615	-66.1541
616	421.521
617	577.458
618	325.64
619	367.013
620	465.765
621	434.739
622	430.131
623	558.381
624	546.871
625	505.251
626	401.45
627	403.107
628	396.721
629	262.748
630	412.272
631	432.845
632	354.755
633	452.814
634	455.027
635	371.875
636	281.35
637	417.993
638	386.255
639	493.018
640	545.177
641	436.255
642	469.458
643	519.844
644	433.423
645	444.46
646	484.841
647	434.074
648	416.37
649	434.376
650	487.044
651	393.109
652	517.816
653	531.441
654	166.767
655	469.405
656	378.927
657	242.785
658	423.201
659	423.115
660	501.962
661	563.773
662	300.672
663	543.1
664	481.526
665	455.821
666	377.058
667	471.616
668	548.187
669	493.021
670	506.087
671	485.451
672	550.688
673	564.458
674	526.451
675	445.265
676	468.947
677	321.59
678	324.538
679	416.103
680	328.154
681	393.373
682	360.008
683	223.295
684	411.488
685	472.641
686	424.21
687	457.784
688	393.049
689	387.342
690	468.078
691	412.388
692	406.862
693	433.306
694	335.553
695	432.657
696	507.939
697	464.043
698	533.836
699	481.643
700	293.082
701	415.698
702	-80.4935
703	331.397
704	421.324
705	465.215
706	536.461
707	453.718
708	418.879
709	497.074
710	517.209
711	511.786
712	566.134
713	472.948
714	527.698
715	-2462.62
716	-2461.61
717	-2559.02
718	-2568.51
719	499.586
720	493.386
721	457.28
722	335.745
723	54.9522
724	420.34
725	472.981
726	457.38
727	510.396
728	494.38
729	424.878
730	429.889
731	428.032
732	432.393
733	566.539
734	217.669
735	412.685
736	9.88393
737	507.083
738	493.11
739	220.175
740	511.393
741	482.488
742	519.618
743	320.721
744	407.715
745	511.927
746	304.342
747	477.221
748	360.76
749	317.224
750	136.889
751	257.307
752	485.115
753	467.969
754	424.113
755	448.309
756	365.89
757	453.74
758	455.873
759	466.793
760	523.632
761	598.133
762	511.847
763	492.482
764	464.828
765	213.221
766	455.915
767	498.059
768	533.77
769	499.809
770	408.412
771	460.369
772	427.398
773	505.4
774	431.841
775	400.177
776	-399.734
777	383.755
778	482.842
779	441.781
780	521.908
781	499.586
782	476.861
783	503.395
784	540.066
785	488.671
786	408.603
787	498.436
788	-527.629
789	-540.145
790	505.152
791	381.822
792	541.243
793	423.874
794	346.076
795	495.489
796	514.223
797	395.061
798	507.135
799	486.932
800	510.932
801	445.48
802	446.366
803	489.075
804	497.653
805	460.045
806	289.533
807	527.695
808	480.519
809	413.217
810	289.764
811	396.178
812	161.842
813	321.303
814	369.602
815	493.566
816	565.63
817	435.334
818	495.039
819	446.076
820	227.88
821	585.517
822	597.427
823	500.712
824	550.831
825	507.829
826	414.602
827	79.5961
828	147.467
829	96.617
830	480.156
831	514.431
832	512.43
833	458.025
834	440.13
835	558.114
836	426.514
837	369.561
838	149.737
839	443.759
840	234.898
841	325.637
842	406.235
843	510.144
844	484.141
845	484.057
846	425.307
847	359.234
848	390.855
849	351.335
850	557.322
851	478.229
852	467.106
853	534.785
854	484.891
855	506.445
856	511.553
857	472.815
858	514.584
859	516.334
860	566.14
861	498.27
862	400.566
863	538.009
864	581.943
865	494.847
866	501.906
867	468.007
868	492.585
869	468.93
870	445.972
871	368.435
872	310.219
873	516.933
874	449.642
875	420.761
876	475.635
877	535.681
878	531.46
879	449.414
880	522.501
881	507.365
882	498.951
883	508.433
884	427.253
885	426.294
886	544.827
887	499.891
888	485.37
889	495.383
890	455.169
891	512.748
892	398.519
893	452.729
894	447.594
895	479.946
896	400.868
897	482.332
898	468.795
899	478.74
900	426.716
901	502.46
902	475.417
903	447.309
904	398.163
905	448.201
906	380.223
907	459.332
908	367.366
909	486.203
910	535.91
911	440.393
912	473.712
913	449.301
914	480.777
915	397.504
916	533.125
917	366.561
918	349.033
919	489.433
920	478.908
921	306.792
922	414.553
923	462.437
924	320.989
925	319.752
926	354.118
927	477.78
928	407.905
929	413.536
930	433.144
931	403.858
932	367.708
933	374.763
934	455.441
935	499.625
936	424.318
937	465.779
938	497.61
939	405.772
940	477.989
941	553.49
942	428.485
943	485.621
944	398.832
945	533.318
946	509.562
947	511.217
948	525.249
949	531.263
950	532.207
951	561.401
952	544.025
953	392.862
954	143.1
955	491.361
956	388.503
957	419.906
958	422.024
959	422.717
960	501.804
961	590.664
962	542.974
963	492.694
964	488.465
965	488.431
966	491.409
967	454.004
968	-15.962
969	339.021
970	351.131
971	331.795
972	301.142
973	475.37
974	388.206
975	431.543
976	424.176
977	472.384
978	290.411
979	297.591
980	247.948
981	350.457
982	326.059
983	396.505
984	499.588
985	544.913
986	368.652
987	303.858
988	465.023
989	476.745
990	362.664
991	302.625
992	506.219
993	436.555
994	272.082
995	335.809
996	199.082
997	472.34
998	400.703
999	469.876
1000	453.681
1001	240.213
1002	403.162
1003	479.668
1004	578.06
1005	533.723
1006	116.135
1007	433.509
1008	345.259
1009	544.795
1010	587.897
1011	545.887
1012	363.359
1013	460.631
1014	543.353
1015	463.243
1016	498.161
1017	487.973
1018	483.556
1019	428.149
1020	497.553
1021	435.579
1022	560.961
1023	444.888
1024	441.355
1025	486.284
1026	553.893
1027	531.349
1028	446.716
1029	483.134
1030	521.722
1031	363.652
1032	454.081
1033	306.81
1034	352.708
1035	483.087
1036	505.051
1037	62.3859
1038	329.916
1039	452.804
1040	335.652
1041	298.504
1042	375.329
1043	471.321
1044	332.373
1045	490.993
1046	451.796
1047	515.589
1048	392.386
1049	494.58
1050	439.996
1051	491.903
1052	497.027
1053	475.154
1054	458.24
1055	471.916
1056	471.941
1057	584.11
1058	554.666
1059	499.311
1060	494.235
1061	469.514
1062	517.089
1063	450.174
1064	461.978
1065	478.458
1066	503.068
1067	325.639
1068	433.004
1069	523.696
1070	-348.781
1071	-76.9851
1072	-107.794
1073	352.912
1074	496.071
1075	284.665
1076	320.378
1077	512.722
1078	465.635
1079	462.773
1080	462.2
1081	439.125
1082	456.308
1083	460.091
1084	508.049
1085	504.418
1086	500.476
1087	441.368
1088	510.94
1089	466.546
1090	323.311
1091	500.076
1092	497.693
1093	464.586
1094	392.838
1095	474.777
1096	476.682
1097	524.052
1098	524.408
1099	482.565
1100	563.332
1101	504.206
1102	485.524
1103	495.07
1104	465.895
1105	507.717
1106	39.7653
1107	386.572
1108	496.788
1109	566.169
1110	339.574
1111	308.468
1112	406.702
1113	520.357
1114	379.253
1115	321.23
1116	301.806
1117	527.04
1118	-240.082
1119	503.923
1120	471.563
1121	-101.035
1122	-94.7344
1123	523.663
1124	408.89
1125	320.571
1126	532.721
1127	494.203
1128	547.47
1129	554.678
1130	493.935
1131	499.579
1132	505.839
1133	491.609
1134	371.957
1135	375.142
1136	399.648
1137	472.929
1138	425.71
1139	377.988
1140	496.463
1141	434.929
1142	465.724
1143	157.67
1144	175.389
1145	492.494
1146	515.475
1147	516.611
1148	415.187
1149	391.552
1150	386.681
1151	502.981
1152	348.236
1153	401.438
1154	490.328
1155	139.905
1156	191.998
1157	241.185
1158	504.247
1159	437.752
1160	321.675
1161	380.716
1162	486.443
1163	533.895
1164	454.321
1165	530.947
1166	492.788
1167	503.225
1168	508.178
1169	479.335
1170	462.456
1171	452.169
1172	489.951
1173	507.071
1174	583.27
1175	539.011
1176	495.332
1177	510.966
1178	417.383
1179	406.419
1180	557.262
1181	485.621
1182	300.334
1183	501.398
1184	483.343
1185	437.482
1186	478.447
1187	435.315
1188	498.082
1189	597.075
1190	583.765
1191	473.701
1192	409.349
1193	453.557
1194	436.193
1195	390.679
1196	485.815
1197	372.617
1198	488.629
1199	476.191
1200	481.121
1201	412.021
1202	490.342
1203	411.598
1204	473.712
1205	93.4663
1206	449.792
1207	461.601
1208	523.278
1209	415.635
1210	514.713
1211	464.459
1212	232.035
1213	371.366
1214	332.55
1215	478.925
1216	414.927
1217	459.937
1218	450.659
1219	508.489
1220	508.932
1221	444.917
1222	433.494
1223	501.476
1224	438.746
1225	442.172
1226	513.812
1227	465.729
1228	414.079
1229	439.225
1230	491.545
1231	413.174
1232	295.577
1233	549.525
1234	539.476
1235	475.294
1236	440.591
1237	397.728
1238	493.258
1239	445.143
1240	442.349
1241	380.117
1242	424.159
1243	521.375
1244	442.414
1245	499.453
1246	463.013
1247	464.961
1248	402.747
1249	505.236
1250	325.892
1251	517.593
1252	388.817
1253	404.537
1254	384.038
1255	486.924
1256	380.957
1257	380.915
1258	468.904
1259	525.019
1260	476.977
1261	373.334
1262	369.201
1263	-40.2618
1264	-50.763
1265	379.749
1266	186.996
1267	404.58
1268	549.817
1269	436.836
1270	193.815
1271	508.119
1272	426.039
1273	374.19
1274	506.336
1275	439.236
1276	531.06
1277	501.362
1278	402.636
1279	388.176
1280	463.221
1281	499.246
1282	383.253
1283	367.192
1284	226.285
1285	112.332
1286	163.216
1287	28.9619
1288	404.748
1289	471.21
1290	540.21
1291	442.011
1292	287.03
1293	490.054
1294	297.477
1295	517.44
1296	492.12
1297	458.312
1298	386.146
1299	454.03
1300	470.441
1301	485.91
1302	450.585
1303	436.883
1304	515.859
1305	382.929
1306	532.755
1307	490.584
1308	503.73
1309	439.341
1310	459.813
1311	417.676
1312	403.997
1313	428.309
1314	449.599
1315	392.455
1316	469.494
1317	397.979
1318	433.223
1319	562.276
1320	484.587
1321	37.3469
1322	111.755
1323	376.48
1324	430.181
1325	540.938
1326	506.532
1327	460.053
1328	466.856
1329	361.882
1330	433.603
1331	504.761
1332	467.951
1333	444.001
1334	404.916
1335	242.854
1336	316.996
1337	536.986
1338	570.58
1339	434.523
1340	463.585
1341	464.708
1342	431.078
1343	136.882
1344	494.057
1345	364.202
1346	414.225
1347	485.283
1348	502.206
1349	416.108
1350	387.65
1351	431.263
1352	426.057
1353	100.977
1354	522.259
1355	467.147
1356	381.653
1357	391.778
1358	486.067
1359	486.58
1360	508.349
1361	475.432
1362	493.289
1363	512.799
1364	375.754
1365	469.113
1366	497.029
1367	441.88
1368	388.844
1369	496.749
1370	440.917
1371	474.036
1372	515.209
1373	547.708
1374	476.728
1375	596.679
1376	348.762
1377	429.681
1378	411.469
1379	463.915
1380	490.406
1381	497.243
1382	499.871
1383	563.37
1384	555.094
1385	548.057
1386	527.506
1387	476.26
1388	524.428
1389	463.357
1390	495.814
1391	417.111
1392	493.943
1393	447.751
1394	433.045
1395	377.922
1396	402.076
1397	438.401
1398	457.679
1399	418.43
1400	350.676
1401	481.381
1402	479.579
1403	262.524
1404	515.323
1405	492.559
1406	481.083
1407	458.245
1408	514.432
1409	366.757
1410	458.616
1411	502.047
1412	521.006
1413	306.44
1414	499.022
1415	466.338
1416	500.835
1417	437.511
1418	504.518
1419	564.164
1420	438.217
1421	444.624
1422	456.224
1423	482.143
1424	405.979
1425	489.27
1426	424.285
1427	361.61
1428	376.733
1429	482.445
1430	409.908
1431	371.965
1432	459.223
1433	133.771
1434	481.438
1435	441.984
1436	504.381
1437	449.557
1438	458.598
1439	422.558
1440	504.569
1441	401.788
1442	549.62
1443	488.604
1444	-26.0081
1445	173.468
1446	473.395
1447	431.056
1448	454.771
1449	463.222
1450	449.485
1451	364.401
1452	288.736
1453	443.113
1454	367.262
1455	426.573
1456	479.252
1457	412.115
1458	409.085
1459	564.695
1460	447.274
1461	378.274
1462	443.233
1463	399.211
1464	497.614
1465	476.544
1466	424.696
1467	441.518
1468	362.879
1469	399.291
1470	493.092
1471	470.837
1472	457.29
1473	510.214
1474	469.996
1475	470.586
1476	425.99
1477	405.63
1478	416.024
1479	453.551
1480	462.293
1481	515.158
1482	479.729
1483	458.477
1484	457.594
1485	474.791
1486	473.099
1487	482.901
1488	467.181
1489	485.916
1490	553.907
1491	488.736
1492	505.316
1493	470.441
1494	507.731
1495	-428.021
1496	-437.609
1497	-378.414
1498	-332.431
1499	471.262
1500	501.665
1501	410.959
1502	441.738
1503	486.166
1504	437.534
1505	366.48
1506	361.73
1507	510.11
1508	551.518
1509	548.294
1510	336.067
1511	334.242
1512	133.875
1513	178.986
1514	486.253
1515	548.406
1516	411.017
1517	514.302
1518	365.537
1519	270.153
1520	75.4882
1521	348.672
1522	452.768
1523	463.508
1524	298.677
1525	516.192
1526	531.702
1527	449.94
1528	360.154
1529	379.099
1530	453.32
1531	488.178
1532	502.924
1533	470.402
1534	240.152
1535	431.241
1536	456.694
1537	452.82
1538	322.907
1539	396.045
1540	400.412
1541	510.584
1542	372.578
1543	379.897
1544	471.697
1545	476.035
1546	489.852
1547	460.671
1548	560.239
1549	479.85
1550	380.942
1551	349.479
1552	363.5
1553	544.384
1554	569.011
1555	483.206
1556	501.205
1557	478.777
1558	509.781
1559	517.866
1560	492.123
1561	518.236
1562	403.065
1563	282.128
1564	442.177
1565	353.204
1566	340.587
1567	495.211
1568	452.961
1569	330.984
1570	483.814
1571	415.564
1572	434.488
1573	533.62
1574	475.732
1575	423.557
1576	316.199
1577	468.577
1578	473.427
1579	521.483
1580	413.083
1581	453.674
1582	462.199
1583	497.519
1584	352.942
1585	457.028
1586	478.319
1587	428.537
1588	521.518
1589	526.773
1590	430.145
1591	75.2991
1592	464.123
1593	407.21
1594	421.9
1595	431.116
1596	426.395
1597	452.342
1598	296.38
1599	535.16
1600	191.448
1601	392.909
1602	423.522
1603	489.303
1604	422.612
1605	509.994
1606	479.583
1607	496.3
1608	480.547
1609	417.205
1610	434.222
1611	436.051
1612	431.103
1613	442.48
1614	517.401
1615	389.004
1616	258.608
1617	445.612
1618	491.722
1619	327.964
1620	469.6
1621	442.418
1622	428.777
1623	535.583
1624	497.969
1625	474.375
1626	555.565
1627	450.524
1628	450.392
1629	305.084
1630	415.997
1631	557.384
1632	527.731
1633	459.336
1634	438.148
1635	262.085
1636	276.313
1637	51.0223
1638	426.051
1639	418.18
1640	437.685
1641	403.747
1642	495.208
1643	322.761
1644	329.573
1645	424.692
1646	477.678
1647	459.847
1648	488.288
1649	471.296
1650	394.821
1651	393.302
1652	381.782
1653	326.178
1654	382.305
1655	372.203
1656	462.448
1657	486.833
1658	354.758
1659	375.882
1660	495.058
1661	368.782
1662	497.319
1663	422.452
1664	476.377
1665	435.801
1666	486.286
1667	535.516
1668	442.155
1669	532.71
1670	465.035
1671	88.6929
1672	494.868
1673	473.747
1674	470.722
1675	487.088
1676	467.21
1677	466.337
1678	459.271
1679	466.682
1680	456.218
1681	534.937
1682	462.424
1683	572.62
1684	446.038
1685	323.403
1686	395.642
1687	498.125
1688	543.028
1689	497.602
1690	474.361
1691	494.806
1692	501.385
1693	512.394
1694	453.264
1695	531.789
1696	648.085
1697	525.193
1698	525.653
1699	507.623
1700	587.989
1701	576.494
1702	605.756
1703	580.821
1704	286.403
1705	407.166
1706	354.08
1707	459.028
1708	441.706
1709	247.102
1710	173.224
1711	40.0318
1712	99.5683
1713	490.703
1714	233.257
1715	151.331
1716	484.234
1717	419.104
1718	433.172
1719	467.02
1720	527.689
1721	453.463
1722	469.304
1723	427.211
1724	498.612
1725	499.609
1726	504.843
1727	541.607
1728	406.451
1729	461.386
1730	432.573
1731	497.14
1732	486.082
1733	546.101
1734	527.715
1735	633.335
1736	453.222
1737	505.123
1738	420.426
1739	279.842
1740	447.471
1741	501.239
1742	463.571
1743	486.705
1744	488.285
1745	529.37
1746	416.555
1747	393.672
1748	458.146
1749	528.26
1750	515.273
1751	579.947
1752	97.6477
1753	86.0933
1754	432.17
1755	440.519
1756	495.422
1757	467.856
1758	427.437
1759	439.482
1760	269.162
1761	396.457
1762	422.281
1763	417.195
1764	371.169
1765	440.756
1766	478.39
1767	440.931
1768	457.738
1769	438.086
1770	365.596
1771	466.992
1772	465.344
1773	518.654
1774	485.893
1775	480.173
1776	520.746
1777	515.277
1778	399.076
1779	257.864
1780	501.174
1781	510.199
1782	434.91
1783	449.683
1784	-179.401
1785	526.232
1786	520.725
1787	540.105
1788	-540.389
1789	453.758
1790	449.034
1791	378.61
1792	285.953
1793	467.712
1794	267.304
1795	157.907
1796	298.285
1797	248.308
1798	255.003
1799	460.216
1800	421.711
1801	417.633
1802	187.134
1803	483.577
1804	417.35
1805	338.879
1806	466.705
1807	479.647
1808	128.163
1809	457.438
1810	481.343
1811	434.491
1812	471.131
1813	469.187
1814	506.293
1815	525.756
1816	480.918
1817	445.678
1818	443.708
1819	502.737
1820	464.616
1821	439.085
1822	352.592
1823	323.424
1824	458.908
1825	485.317
1826	454.978
1827	464.818
1828	480.418
1829	436.565
1830	374.755
1831	305.339
1832	333.308
1833	303.26
1834	424.865
1835	247.152
1836	412.475
1837	278.335
1838	349.93
1839	466.913
1840	408.22
1841	444.678
1842	501.468
1843	458.852
1844	423.315
1845	603.996
1846	494.253
1847	480.159
1848	374.42
1849	474.659
1850	404.72
1851	399.814
1852	341.887
1853	187.139
1854	382.399
1855	492.676
1856	493.513
1857	483.461
1858	425.005
1859	539.055
1860	426.865
1861	544.201
1862	389.193
1863	344.422
1864	487.352
1865	555.174
1866	503.252
1867	404.744
1868	409.684
1869	375.76
1870	84.0852
1871	87.3219
1872	346.499
1873	522.527
1874	529.774
1875	506.45
1876	549.949
1877	548.942
1878	551.641
1879	489.716
1880	516.176
1881	494.354
1882	507.025
1883	444.735
1884	480.846
1885	394.942
1886	421.375
1887	449.688
1888	553.228
1889	467.381
1890	210.861
1891	-642.778
1892	413.843
1893	450.187
1894	502.36
1895	466.441
1896	458.755
1897	472.147
1898	410.086
1899	452.045
1900	473.614
1901	534.968
1902	407.103
1903	468.282
1904	498.732
1905	136.334
1906	424.288
1907	458.732
1908	124.653
1909	-81.0542
1910	-58.6714
1911	291.385
1912	409.885
1913	191.872
1914	338.12
1915	536.149
1916	558.262
1917	566.384
1918	505.851
1919	394.086
1920	401.536
1921	460.927
1922	419.439
1923	457.42
1924	555.422
1925	519.568
1926	110.449
1927	312.026
1928	498.772
1929	528.735
1930	454.638
1931	469.899
1932	465.875
1933	410.143
1934	527.343
1935	410.711
1936	514.78
1937	503.968
1938	318.259
1939	419.987
1940	489.186
1941	177.617
1942	427.844
1943	375.495
1944	385.373
1945	459.037
1946	474.876
1947	498.123
1948	460.87
1949	-129.041
1950	315.204
1951	462.548
1952	523.723
1953	432.51
1954	567.995
1955	523.627
1956	542.78
1957	426.264
1958	514.708
1959	528.743
1960	379.22
1961	443.856
1962	399.059
1963	506.153
1964	350.128
1965	504.228
1966	-93.3673
1967	406.203
1968	360.945
1969	472.828
1970	465.132
1971	482.63
1972	427.025
1973	536.997
1974	359.023
1975	410.476
1976	480.531
1977	360.49
1978	460.711
1979	385.589
1980	429.667
1981	465.255
1982	514.628
1983	459.754
1984	485.917
1985	466.303
1986	507.782
1987	535.032
1988	512.09
1989	338.977
1990	325.006
1991	508.882
1992	504.333
1993	-2.97741
1994	30.8734
1995	481.528
1996	551.579
1997	480.591
1998	477.895
1999	516.946
2000	474.544
2001	524.857
2002	431.331
2003	427.43
2004	475.768
2005	534.004
2006	447.786
2007	411.912
2008	470.366
2009	574.153
2010	516.848
2011	561.26
2012	496.656
2013	452.588
2014	457.368
2015	544.961
2016	508.628
2017	318.647
2018	498.163
2019	472.749
2020	485.572
2021	534.962
2022	472.479
2023	314.842
2024	405.682
2025	339.785
2026	386.295
2027	458.178
2028	443.287
2029	478.16
2030	502.298
2031	488.727
2032	449.291
2033	469.045
2034	355.077
2035	287.32
2036	424.029
2037	480.838
2038	498.078
2039	262.731
2040	270.518
2041	501.614
2042	233.61
2043	508.669
2044	506.708
2045	419.571
2046	592.001
2047	342.322
2048	364.56
2049	558.539
2050	462.597
2051	472.574
2052	507.716
2053	609.836
2054	388.041
2055	382.163
2056	445.004
2057	496.739
2058	452.625
2059	305.926
2060	461.497
2061	551.57
2062	474.729
2063	409.513
2064	393.354
2065	445.057
2066	190.43
2067	465.741
2068	414.94
2069	437.784
2070	476.062
2071	321.28
2072	495.491
2073	440.072
2074	399.794
2075	478.349
2076	298.548
2077	469.96
2078	407.853
2079	488.903
2080	427.116
2081	387.202
2082	460.534
2083	435.045
2084	480.176
2085	561.675
2086	522.93
2087	513.292
2088	480.948
2089	474.7
2090	426.126
2091	382.419
2092	371.533
2093	447.897
2094	447.466
2095	374.15
2096	417.455
2097	392.547
2098	520.649
2099	519.539
2100	470.306
2101	488.518
2102	471.365
2103	480.415
2104	444.552
2105	409.647
2106	427.402
2107	440.32
2108	447.741
2109	442.598
2110	442.735
2111	485.356
2112	439.711
2113	521.903
2114	-735.176
2115	-702.872
2116	-696.262
2117	-692.358
2118	-669.691
2119	461.518
2120	455.23
2121	478.019
2122	457.062
2123	509.86
2124	475.485
2125	491.773
2126	455.496
2127	475.444
2128	481.566
2129	373.398
2130	393.348
2131	349.541
2132	459.374
2133	439.012
2134	550.051
2135	532.951
2136	338.009
2137	508.05
2138	504.637
2139	452.026
2140	364.12
2141	334.712
2142	521.604
2143	-27.7703
2144	468.519
2145	474.974
2146	446.27
2147	524.196
2148	521.661
2149	518.463
2150	394.117
2151	356.329
2152	479.031
2153	439.405
2154	238.219
2155	521.593
2156	477.783
2157	439.911
2158	501.566
2159	473.482
2160	251.937
2161	-248.272
2162	-466.238
2163	597.137
2164	503.74
2165	538.282
2166	594.352
2167	629.304
2168	526.068
2169	517.335
2170	488.416
2171	526.019
2172	344.381
2173	480.154
2174	542.896
2175	432.284
2176	529.569
2177	389.237
2178	345.386
2179	410.232
2180	454.319
2181	379.07
2182	506.052
2183	498.673
2184	490.934
2185	465.503
2186	-50.3737
2187	77.6111
2188	183.45
2189	55.3861
2190	327.578
2191	501.022
2192	543.752
2193	526.241
2194	430.554
2195	550.91
2196	468.886
2197	451.317
2198	306.234
2199	275.344
2200	228.674
2201	517.997
2202	422.282
2203	519.113
2204	482.322
2205	517.37
2206	478.588
2207	376.227
2208	-122.861
2209	545.298
2210	521.887
2211	458.768
2212	398.24
2213	406.311
2214	531.949
2215	353.522
2216	295.982
2217	420.203
2218	372.224
2219	474.982
2220	484.537
2221	533.314
2222	458.944
2223	342.012
2224	502.299
2225	438.574
2226	389.682
2227	526.887
2228	457.685
2229	423.565
2230	364.131
2231	480.639
2232	550.676
2233	427.605
2234	486.003
2235	339.29
2236	396.613
2237	468.247
2238	469.984
2239	527.179
2240	493.43
2241	563.367
2242	489.328
2243	487.167
2244	540.263
2245	550.828
2246	384.849
2247	494.781
2248	458.782
2249	450.386
2250	429.635
2251	453.257
2252	460.824
2253	458.93
2254	455.706
2255	481.944
2256	372.928
2257	402.969
2258	412.129
2259	450.255
2260	49.5558
2261	521.731
2262	504.01
2263	354.862
2264	427.336
2265	372.477
2266	384.769
2267	549.403
2268	397.429
2269	285.408
2270	446.395
2271	436.385
2272	429.304
2273	451.588
2274	523.665
2275	498.039
2276	564.952
2277	450.734
2278	467.336
2279	376.862
2280	503.179
2281	500.304
2282	536.911
2283	432.746
2284	-105.875
2285	442.976
2286	498.761
2287	372.719
2288	525.152
2289	494.878
2290	462.29
2291	447.401
2292	307.411
2293	269.89
2294	482.579
2295	362.111
2296	425.864
2297	550.455
2298	525.747
2299	464.087
2300	535.218
2301	520.234
2302	352.132
2303	-218.233
2304	464.8
2305	148.574
2306	472.785
2307	579.716
2308	472.347
2309	365.773
2310	310.609
2311	292.405
2312	405.126
2313	527.412
2314	517.023
2315	480.004
2316	496.721
2317	398.859
2318	343.978
2319	521.533
2320	530.95
2321	397.372
2322	311.945
2323	441.017
2324	466.12
2325	479.124
2326	507.033
2327	293.097
2328	536.298
2329	536.064
2330	505.229
2331	502.691
2332	446.276
2333	520.041
2334	482.006
2335	502.167
2336	548.795
2337	431.326
2338	468.29
2339	558.188
2340	499.863
2341	485.374
2342	462.72
2343	-178.694
2344	142.266
2345	555.543
2346	580.41
2347	519.953
2348	369.655
2349	444.207
2350	430.425
2351	510.802
2352	503.704
2353	509.039
2354	505.668
2355	172.944
2356	392.015
2357	396.086
2358	534.195
2359	352.191
2360	444.256
2361	105.41
2362	322.844
2363	476.937
2364	416.697
2365	489.68
2366	397.978
2367	515.676
2368	495.269
2369	175.712
2370	362.739
2371	480.882
2372	391.554
2373	394.06
2374	367.729
2375	404.204
2376	533.673
2377	512.655
2378	419.525
2379	482.129
2380	451.827
2381	255.853
2382	355.998
2383	497.456
2384	502.355
2385	425.372
2386	487.312
2387	431.721
2388	462.168
2389	422.198
2390	542.97
2391	464.259
2392	448.332
2393	499.666
2394	453.891
2395	486.852
2396	505.324
2397	603.698
2398	496.778
2399	462.134
2400	547.338
2401	583.094
2402	499.676
2403	260.716
2404	503.889
2405	448.415
2406	503.542
2407	450.165
2408	457.429
2409	526.776
2410	567.839
2411	444.149
2412	506.539
2413	480.394
2414	521.662
2415	539.749
2416	466.052
2417	417.699
2418	476.044
2419	435.452
2420	491.731
2421	448.319
2422	498.182
2423	513.251
2424	456.614
2425	-220.655
2426	483.696
2427	483.804
2428	488.302
2429	460.388
2430	493.715
2431	365.405
2432	244.442
2433	268.837
2434	250.071
2435	511.043
2436	483.654
2437	452.858
2438	420.917
2439	381.709
2440	-347.061
2441	-244.435
2442	464.8
2443	436.696
2444	345.946
2445	454.926
2446	-261.385
2447	325.789
2448	441.527
2449	436.516
2450	441.189
2451	519.761
2452	-263.665
2453	470.165
2454	471.597
2455	-431.66
2456	-588.378
2457	150.607
2458	-29.1608
2459	-473.31
2460	130.66
2461	477.719
2462	538.128
2463	447.399
2464	330.835
2465	451.844
2466	490.889
2467	550.083
2468	525.412
2469	542.055
2470	282.997
2471	456.268
2472	594.378
2473	506.604
2474	494.305
2475	542.857
2476	521.71
2477	637.212
2478	543.529
2479	161.855
2480	363.229
2481	487.999
2482	203.646
2483	504.12
2484	507.112
2485	524.775
2486	490.321
2487	407.23
2488	495.222
2489	407.719
2490	515.293
2491	546.301
2492	486.996
2493	463.04
2494	529.674
2495	358.983
2496	559.072
2497	505.019
2498	508.306
2499	467.801
2500	505.444
2501	455.201
2502	477.554
2503	475.386
2504	129.943
2505	488.538
2506	149.079
2507	463.606
2508	486.381
2509	442.698
2510	434.319
2511	99.1775
2512	470.072
2513	459.377
2514	440.713
2515	396.24
2516	507.55
2517	538.811
2518	254.79
2519	496.804
2520	474.859
2521	469.537
2522	562.484
2523	523.904
2524	489.848
2525	533.109
2526	278.612
2527	390.337
2528	431.993
2529	542.981
2530	344.534
2531	483.392
2532	555.843
2533	275.693
2534	315.101
2535	-251.219
2536	537.943
2537	548.086
2538	494.337
2539	492.325
2540	507.582
2541	457.892
2542	391.746
2543	460.116
2544	503.534
2545	326.803
2546	370.929
2547	469.109
2548	402.938
2549	534.191
2550	468.536
2551	453.351
2552	333.823
2553	289.856
2554	520.635
2555	455.415
2556	465.803
2557	529.073
2558	530.732
2559	523.686
2560	544.656
2561	353.937
2562	443.605
2563	429.68
2564	506.563
2565	550.598
2566	88.1223
2567	56.7134
2568	472.393
2569	559.666
2570	534.935
2571	445.755
2572	367.634
2573	425.771
2574	434.356
2575	483.46
2576	439.417
2577	491.602
2578	482.234
2579	495.936
2580	484.359
2581	467.846
2582	409.79
2583	399.143
2584	485.354
2585	427.823
2586	503.464
2587	490.058
2588	340.368
2589	357.103
2590	378.652
2591	540.3
2592	336.713
2593	408.216
2594	457.454
2595	501.021
2596	528.347
2597	517.407
2598	453.538
2599	518.547
2600	347.462
2601	593.546
2602	527.289
2603	482.75
2604	495.313
2605	405.274
2606	472.22
2607	380.574
2608	206.313
2609	471.191
2610	561.89
2611	483.387
2612	485.317
2613	550.37
2614	436.554
2615	402.733
2616	369.452
2617	488.708
2618	418.853
2619	483.394
2620	379.011
2621	471.403
2622	469.892
2623	491.206
2624	425.875
2625	433.851
2626	442.208
2627	492.229
2628	458.381
2629	462.002
2630	485.396
2631	530.177
2632	529.309
2633	536.531
2634	453.263
2635	360.048
2636	392.426
2637	531.356
2638	561.39
2639	515.974
2640	454.221
2641	531.613
2642	452.983
2643	457.376
2644	507.985
2645	532.286
2646	492.556
2647	413.111
2648	429.479
2649	205.745
2650	481.126
2651	526.117
2652	489.806
2653	422.184
2654	412.585
2655	503.428
2656	559.795
2657	575.372
2658	517.296
2659	444.695
2660	510.672
2661	438.273
2662	244.804
2663	541.712
2664	573.536
2665	456.064
2666	258.122
2667	479.849
2668	401.219
2669	400.472
2670	456.518
2671	439.139
2672	557.281
2673	498.128
2674	475.527
2675	402.554
2676	362.16
2677	455.957
2678	425.282
2679	422.261
2680	462.592
2681	517.331
2682	475.202
2683	452.583
2684	500.278
2685	546.86
2686	409.599
2687	426.068
2688	459.664
2689	533.559
2690	461.134
2691	528.603
2692	477.418
2693	449.657
2694	433.703
2695	428.219
2696	388.172
2697	505.961
2698	541.416
2699	488.086
2700	389.154
2701	368.905
2702	438.1
2703	496.46
2704	470.458
2705	491.892
2706	484.479
2707	541.755
2708	432.146
2709	414.585
2710	467.561
2711	482.787
2712	490.27
2713	465.536
2714	476.884
2715	408.226
2716	490.74
2717	508.225
2718	457.305
2719	330.643
2720	306.199
2721	492.733
2722	338.578
2723	482.44
2724	497.666
2725	622.12
2726	526.348
2727	214.323
2728	452.231
2729	445.472
2730	478.182
2731	438.932
2732	495.558
2733	440.011
2734	391.449
2735	461.715
2736	447.792
2737	385.074
2738	531.34
2739	423.347
2740	385.113
2741	431.418
2742	436.606
2743	458.336
2744	510.324
2745	511.648
2746	512.664
2747	504.012
2748	538.279
2749	255.941
2750	183.672
2751	390.266
2752	393.76
2753	467.316
2754	439.289
2755	416.68
2756	503.743
2757	586.466
2758	443.959
2759	383.244
2760	442.046
2761	372.923
2762	348.897
2763	285.725
2764	296.91
2765	477.838
2766	498.179
2767	-1282.88
2768	-1330.16
2769	163.824
2770	508.097
2771	470.842
2772	459.731
2773	476.124
2774	499.697
2775	421.806
2776	458.763
2777	506.189
2778	409.446
2779	437.115
2780	500.88
2781	497.721
2782	473.315
2783	446.161
2784	381.06
2785	328.389
2786	483.317
2787	300.036
2788	298.645
2789	402.596
2790	435.454
2791	241.72
2792	432.047
2793	452.68
2794	413.663
2795	375.588
2796	393.143
2797	312.023
2798	437.332
2799	431.358
2800	405.771
2801	536.638
2802	332.725
2803	385.073
2804	484.364
2805	504.543
2806	441.808
2807	499.491
2808	500.738
2809	450.16
2810	376.819
2811	542.134
2812	489.404
2813	374.914
2814	440.228
2815	495.842
2816	529.96
2817	432.563
2818	441.487
2819	514.27
2820	432.392
2821	484.648
2822	375.779
2823	323.255
2824	-365.265
2825	439.272
2826	421.906
2827	479.779
2828	418.826
2829	458.71
2830	437.3
2831	481.787
2832	355.335
2833	424.869
2834	292.724
2835	474.601
2836	364.341
2837	307.504
2838	287.857
2839	434.87
2840	420.977
2841	424.095
2842	582.631
2843	449.653
2844	328.977
2845	456.768
2846	476.136
2847	509.156
2848	493.518
2849	537.86
2850	475.156
2851	353.028
2852	404.463
2853	481.425
2854	-36.8685
2855	528.391
2856	542.678
2857	406.67
2858	387.037
2859	444.988
2860	517.175
2861	420.622
2862	525.63
2863	422.904
2864	297.612
2865	288.26
2866	420.844
2867	470.693
2868	477.328
2869	470.4
2870	454.884
2871	487.02
2872	437.37
2873	-504.781
2874	479.842
2875	418.54
2876	408.439
2877	371.24
2878	406.979
2879	470.996
2880	488.756
2881	378.994
2882	442.777
2883	341.038
2884	416.059
2885	258.43
2886	458.465
2887	457.118
2888	428.745
2889	403.082
2890	410.451
2891	543.243
2892	478.662
2893	538.386
2894	403.927
2895	126.517
2896	354.652
2897	516.264
2898	482.733
2899	486.733
2900	167.213
2901	425.527
2902	376.257
2903	434.23
2904	295.759
2905	195.273
2906	465.142
2907	515.491
2908	371.906
2909	473.488
2910	486.803
2911	547.431
2912	478.337
2913	436.592
2914	381.128
2915	321.157
2916	248.845
2917	490.912
2918	497.644
2919	464.081
2920	354.612
2921	425.137
2922	399.655
2923	447.882
2924	541.33
2925	439.092
2926	450.948
2927	502.682
2928	444.808
2929	408.122
2930	410.468
2931	439.638
2932	438.016
2933	433.992
2934	327.956
2935	336.713
2936	377.93
2937	21.9334
2938	116.92
2939	376.941
2940	436.14
2941	3.17417
2942	486.053
2943	507.196
2944	490.753
2945	496.909
2946	475.257
2947	387.911
2948	443.519
2949	456.998
2950	351.894
2951	460.766
2952	653.605
2953	528.12
2954	471.398
2955	390.262
2956	471.679
2957	81.2785
2958	491.765
2959	493.373
2960	424.583
2961	505.763
2962	496.89
2963	414.463
2964	494.037
2965	379.441
2966	268.958
2967	484.436
2968	443.852
2969	470.066
2970	438.96
2971	460.429
2972	388.503
2973	-17.9511
2974	489.723
2975	71.2494
2976	430.006
2977	390.596
2978	507.564
2979	528.691
2980	418.385
2981	479.304
2982	417.359
2983	313.951
2984	313.27
2985	478.718
2986	471.288
2987	457.354
2988	453.53
2989	446.527
2990	526.852
2991	511.739
2992	194.09
2993	432.465
2994	457.894
2995	508.144
2996	450.582
2997	404.462
2998	451.147
2999	469.892
3000	549.914
3001	523.856
3002	408.748
3003	402.708
3004	389.279
3005	438.745
3006	210.877
3007	477.761
3008	489.161
3009	494.175
3010	495.294
3011	531.015
3012	469.565
3013	511.234
3014	535.935
3015	531.698
3016	432.836
3017	459.034
3018	460.957
3019	462.919
3020	474.9
3021	483.546
3022	406.938
3023	380.912
3024	495.325
3025	498.294
3026	188.515
3027	503.44
3028	482.27
3029	418.778
3030	418.421
3031	310.816
3032	568.509
3033	553.243
3034	452.617
3035	431.723
3036	474.693
3037	486.65
3038	409.012
3039	363.364
3040	414.782
3041	296.001
3042	246.755
3043	403.886
3044	438.613
3045	485.828
3046	476.781
3047	473.931
3048	505.977
3049	509.893
3050	492.398
3051	451.094
3052	454.971
3053	93.8881
3054	500.465
3055	481.951
3056	517.622
3057	404.167
3058	302.428
3059	411.821
3060	464.921
3061	515.983
3062	561.74
3063	502.815
3064	504.704
3065	466.611
3066	451.211
3067	511.871
3068	566.688
3069	379.109
3070	524.696
3071	300.373
3072	589.365
3073	532.931
3074	565.227
3075	458.111
3076	572.726
3077	454.957
3078	437.324
3079	398.468
3080	499.06
3081	486.752
3082	442.264
3083	495.643
3084	385.862
3085	562.767
3086	523.012
3087	461.672
3088	545.731
3089	538.265
3090	470.395
3091	529.204
3092	270.803
3093	224.584
3094	221.158
3095	419.9
3096	422.743
3097	287.841
3098	467.152
3099	495.528
3100	416.761
3101	446.999
3102	480.994
3103	450.455
3104	517.343
3105	501.99
3106	436.584
3107	459.477
3108	516.263
3109	498.441
3110	471.116
3111	359.457
3112	395.14
3113	342.811
3114	460.605
3115	447.878
3116	375.461
3117	431.782
3118	469.049
3119	402.049
3120	464.432
3121	456.324
3122	594.919
3123	574.216
3124	576.018
3125	538.534
3126	308.041
3127	422.641
3128	114.928
3129	62.8357
3130	420.828
3131	454.847
3132	401.913
3133	492.138
3134	475.871
3135	499.532
3136	547.181
3137	485.743
3138	451.165
3139	328.119
3140	502.412
3141	473.851
3142	311.552
3143	409.977
3144	432.679
3145	423.402
3146	485.307
3147	380.84
3148	428.383
3149	474.799
3150	425.109
3151	528.351
3152	462.503
3153	-50.2473
3154	480.129
3155	428.829
3156	70.8009
3157	473.765
3158	527.738
3159	560.855
3160	407.791
3161	528.542
3162	470.031
3163	471.042
3164	529.329
3165	506.411
3166	429.202
3167	393.137
3168	435.593
3169	403.761
3170	425.99
3171	435.153
3172	402.286
3173	489.474
3174	471.793
3175	443.916
3176	417.377
3177	461.374
3178	472.479
3179	496.079
3180	356.695
3181	265.728
3182	470.516
3183	407.203
3184	480.856
3185	336.645
3186	473.098
3187	540.316
3188	470.133
3189	469.958
3190	463.191
3191	445.756
3192	453.994
3193	469.534
3194	453.837
3195	493.596
3196	341.483
3197	380.228
3198	576.82
3199	542.057
3200	465.586
3201	309.823
3202	366.283
3203	400.82
3204	500.39
3205	457.277
3206	406.985
3207	572.991
3208	310.694
3209	479.96
3210	437.595
3211	369.105
3212	404.799
3213	515.107
3214	519.127
3215	486.923
3216	489.794
3217	547.567
3218	-246.194
3219	502.66
3220	290.494
3221	481.398
3222	449.289
3223	418.997
3224	550.003
3225	520.496
3226	414.02
3227	432.277
3228	495.802
3229	201.885
3230	317.225
3231	423.472
3232	448.171
3233	459.492
3234	442.718
3235	271.073
3236	481.584
3237	513.547
3238	468.405
3239	484.759
3240	502.686
3241	422.569
3242	443.75
3243	436.127
3244	410.591
3245	369.124
3246	436.164
3247	465.542
3248	472.045
3249	425.448
3250	487.147
3251	452.052
3252	207.428
3253	415.393
3254	275.444
3255	314.539
3256	477.41
3257	437.879
3258	534.083
3259	518.452
3260	449.605
3261	527.456
3262	475.477
3263	459.904
3264	448.993
3265	470.428
3266	505.246
3267	482.903
3268	318.028
3269	465.322
3270	485.135
3271	516.325
3272	405.867
3273	411.553
3274	404.815
3275	492.474
3276	506.108
3277	484.407
3278	481.835
3279	491.472
3280	479.081
3281	121.436
3282	452.707
3283	512.868
3284	329.42
3285	475.772
3286	375.928
3287	422.261
3288	425.595
3289	492.392
3290	334.464
3291	453.235
3292	451.885
3293	495.077
3294	509.848
3295	414.38
3296	495.035
3297	521.939
3298	512.986
3299	454.416
3300	400.251
3301	454.995
3302	549.875
3303	530.957
3304	519.64
3305	465.781
3306	471.129
3307	453.92
3308	506.348
3309	482.66
3310	446.021
3311	403.433
3312	393.938
3313	356.239
3314	386.448
3315	493.575
3316	357.018
3317	389.041
3318	490.705
3319	353.48
3320	-61.1537
3321	470.004
3322	517.052
3323	489.962
3324	434.017
3325	505.743
3326	540.545
3327	636.307
3328	-32.3635
3329	466.016
3330	468.847
3331	394.131
3332	503.972
3333	538.406
3334	464.471
3335	429.856
3336	403.365
3337	434.633
3338	466.779
3339	490.399
3340	566.157
3341	460.446
3342	568.882
3343	523.203
3344	501.88
3345	552.849
3346	-8.71084
3347	-46.4573
3348	542.863
3349	424.449
3350	451.1
3351	347.539
3352	403.552
3353	453.167
3354	71.6525
3355	453.826
3356	309.396
3357	536.694
3358	551.295
3359	263.26
3360	513.906
3361	556.591
3362	551.409
3363	538.539
3364	586.157
3365	358.37
3366	284.996
3367	480.062
3368	455.88
3369	456.181
3370	487.275
3371	427.923
3372	430.888
3373	453.454
3374	451
3375	282.281
3376	336.006
3377	450.523
3378	549.716
3379	347.227
3380	548.909
3381	473.931
3382	508.712
3383	498.055
3384	482.07
3385	195.961
3386	289.008
3387	525.942
3388	349.177
3389	445.331
3390	461.028
3391	546.667
3392	516.615
3393	482.234
3394	451.395
3395	472.351
3396	543.663
3397	539.488
3398	367.586
3399	488.625
3400	435.84
3401	459.911
3402	519.544
3403	483.517
3404	489.591
3405	506.599
3406	478.657
3407	218.721
3408	436.49
3409	461.338
3410	433.237
3411	420.576
3412	479.626
3413	395.917
3414	363.182
3415	498.173
3416	537.181
3417	618.721
3418	594.929
3419	550.84
3420	536.469
3421	307.363
3422	448.979
3423	445.982
3424	432.678
3425	528.77
3426	541.734
3427	523.276
3428	355.925
3429	306.771
3430	461.991
3431	438.147
3432	467.194
3433	475.548
3434	491.692
3435	407.042
3436	457.115
3437	447.502
3438	436.763
3439	564.285
3440	573.29
3441	509.988
3442	544.051
3443	465.733
3444	480.515
3445	452.427
3446	523.171
3447	428.138
3448	402.978
3449	270.523
3450	473.694
3451	365.954
3452	492.507
3453	588.715
3454	596.562
3455	539.848
3456	512.453
3457	310.405
3458	401.786
3459	491.521
3460	324.112
3461	432.833
3462	477.582
3463	422.222
3464	444.131
3465	535.224
3466	444.057
3467	456.616
3468	538.381
3469	529.326
3470	-279.349
3471	23.5825
3472	404.746
3473	403.352
3474	449.026
3475	344.265
3476	421.439
3477	397.276
3478	417.372
3479	454.219
3480	309.236
3481	407.044
3482	285.788
3483	420.041
3484	408.882
3485	439.534
3486	465.592
3487	511.801
3488	317.858
3489	419.806
3490	450.761
3491	414.975
3492	519.303
3493	523.816
3494	528.859
3495	467.907
3496	433.997
3497	476.48
3498	479.78
3499	444.11
3500	569.718
3501	521.768
3502	528.846
3503	550.246
3504	516.694
3505	337.037
3506	519.539
3507	479.243
3508	453.715
3509	499.193
3510	479.391
3511	399.029
3512	393.84
3513	213.469
3514	482.83
3515	533.999
3516	517.449
3517	250.555
3518	298.329
3519	559.9
3520	474.551
3521	476.55
3522	455.72
3523	510.167
3524	544.216
3525	523.807
3526	464.708
3527	452.483
3528	482.409
3529	434.537
3530	456.188
3531	432.318
3532	435.443
3533	402.174
3534	404.544
3535	153.338
3536	375.693
3537	440.882
3538	232.11
3539	-163.644
3540	-533.028
3541	386.602
3542	413.86
3543	507.362
3544	489.214
3545	496.455
3546	439.086
3547	463.089
3548	589.933
3549	455.829
3550	450.872
3551	201.993
3552	392.671
3553	470.196
3554	423.521
3555	191.248
3556	500.34
3557	437.574
3558	430.484
3559	456.651
3560	484.62
3561	465.865
3562	445.59
3563	306.723
3564	399.063
3565	400.41
3566	415.112
3567	441.704
3568	346.113
3569	491.784
3570	196.645
3571	387.429
3572	506.157
3573	462.486
3574	357.014
3575	461.847
3576	461.457
3577	487.338
3578	480.324
3579	528.027
3580	355.993
3581	543.408
3582	554.092
3583	445.071
3584	336.897
3585	394.887
3586	630.754
3587	504.67
3588	549.143
3589	531.096
3590	603.451
3591	525.92
3592	60.6054
3593	53.4249
3594	-124.5
3595	359.032
3596	321.032
3597	396.747
3598	418.121
3599	444.204
3600	373.565
3601	287.982
3602	385.386
3603	438.159
3604	501.35
3605	398.984
3606	492.377
3607	306.78
3608	507.992
3609	527.242
3610	585.065
3611	605.966
3612	501
3613	460.589
3614	490.216
3615	491.204
3616	460.984
3617	517.361
3618	458.757
3619	524.673
3620	492.938
3621	473.402
3622	390.105
3623	469.426
3624	495.608
3625	402.051
3626	326.429
3627	304.756
3628	453.13
3629	417.368
3630	385.699
3631	354.67
3632	429.03
3633	483.095
3634	366.883
3635	283.066
3636	510.876
3637	475.585
3638	477.667
3639	459.468
3640	332.084
3641	-9.53402
3642	449.894
3643	106.364
3644	475.485
3645	562.393
3646	363.427
3647	249.322
3648	437.323
3649	449.541
3650	376.241
3651	427.141
3652	464.65
3653	575.744
3654	-1400.58
3655	443.608
3656	522.954
3657	486.322
3658	520.104
3659	500.914
3660	305.184
3661	481.93
3662	428.422
3663	460.874
3664	521.744
3665	424.017
3666	-94.004
3667	374.473
3668	490.01
3669	569.746
3670	535.347
3671	523.098
3672	517.336
3673	462.014
3674	480.097
3675	459.681
3676	435.835
3677	532.64
3678	347.373
3679	552.868
3680	470.375
3681	434.674
3682	432.164
3683	397.467
3684	470.693
3685	471.943
3686	503.821
3687	395.983
3688	381.791
3689	383.304
3690	507.671
3691	509.073
3692	552.763
3693	478.774
3694	406.832
3695	517.032
3696	527.859
3697	333.643
3698	202.304
3699	425.764
3700	428.956
3701	425.856
3702	529.251
3703	449.167
3704	529.554
3705	456.599
3706	254.673
3707	438.157
3708	518.114
3709	524.748
3710	515.446
3711	491.227
3712	319.969
3713	494.24
3714	433.096
3715	454.211
3716	467.607
3717	432.974
3718	371.624
3719	273.198
3720	-78.6558
3721	164.044
3722	186.803
3723	424.798
3724	-635.557
3725	-744.092
3726	-512.545
3727	68.7125
3728	20.5019
3729	209.191
3730	428.42
3731	518.717
3732	561.034
3733	426.73
3734	445.218
3735	536.072
3736	493.501
3737	388.772
3738	276.482
3739	585.83
3740	554.135
3741	475.355
3742	460.119
3743	248.895
3744	456.339
3745	521.462
3746	477.878
3747	60.0523
3748	485.013
3749	368.634
3750	489.022
3751	566.492
3752	505.17
3753	464.838
3754	365.787
3755	471.801
3756	505.171
3757	506.547
3758	530.605
3759	267.626
3760	524.228
3761	372.674
3762	494.28
3763	517.729
3764	470.645
3765	509.403
3766	546.739
3767	365.932
3768	499.913
3769	464.7
3770	477.262
3771	459.649
3772	493.907
3773	336.361
3774	294.251
3775	414.736
3776	468.73
3777	438.169
3778	456.198
3779	457.689
3780	368.301
3781	360.634
3782	325.191
3783	492.745
3784	264.534
3785	401.686
3786	406.572
3787	417.673
3788	518.689
3789	461.182
3790	380.387
3791	493.463
3792	383.144
3793	455.054
3794	575.065
3795	467.731
3796	441.161
3797	496.808
3798	391.927
3799	438.521
3800	457.805
3801	471.13
3802	573.926
3803	576.261
3804	482.398
3805	494.083
3806	450.484
3807	424.084
3808	378.42
3809	-84.1122
3810	431.405
3811	515.51
3812	588.627
3813	423.163
3814	343.921
3815	479.521
3816	509.932
3817	489.016
3818	432.625
3819	545.953
3820	443.14
3821	27.7669
3822	535.265
3823	534.662
3824	467.764
3825	466.605
3826	410.281
3827	490.231
3828	488.452
3829	504.285
3830	523.121
3831	449.012
3832	520.752
3833	481.973
3834	438.966
3835	433.037
3836	428.072
3837	518.035
3838	505.096
3839	489.83
3840	391.434
3841	432.221
3842	366.861
3843	429.949
3844	426.759
3845	435.869
3846	462.443
3847	481.167
3848	430.785
3849	517.845
3850	474.982
3851	531.332
3852	507.624
3853	536.945
3854	463.916
3855	489.113
3856	464.997
3857	278.632
3858	319.774
3859	437.334
3860	501.507
3861	483.101
3862	570.68
3863	625.973
3864	481.131
3865	440.561
3866	479.679
3867	441.099
3868	514.263
3869	465.996
3870	472.424
3871	493.37
3872	409.306
3873	469.25
3874	525.133
3875	471.129
3876	527.823
3877	581.097
3878	470.248
3879	270.095
3880	442.541
3881	380.882
3882	296.768
3883	335.992
3884	356.895
3885	407.844
3886	299.494
3887	-221.676
3888	396.132
3889	464.728
3890	467.22
3891	459.325
3892	453.229
3893	465.677
3894	469.526
3895	485.517
3896	459.318
3897	498.071
3898	433.119
3899	329.207
3900	547.544
3901	221.683
3902	443.782
3903	410.575
3904	394.623
3905	527.899
3906	475.224
3907	514.87
3908	548.101
3909	408.19
3910	458.155
3911	385.071
3912	482.759
3913	442.851
3914	452.627
3915	460.548
3916	508.149
3917	510.11
3918	484.398
3919	567.574
3920	445.431
3921	-396.941
3922	386.395
3923	546.601
3924	489.302
3925	351.224
3926	388.471
3927	486.449
3928	489.449
3929	490.129
3930	412.979
3931	497.225
3932	490.52
3933	431.855
3934	509.881
3935	380.458
3936	387.747
3937	261.705
3938	511.444
3939	195.934
3940	440.258
3941	278.077
3942	468.097
3943	493.778
3944	464.399
3945	443.715
3946	472.973
3947	419.971
3948	355.343
3949	379.814
3950	423.228
3951	534.573
3952	513.633
3953	448.241
3954	369.376
3955	506.135
3956	522.239
3957	517.186
3958	466.762
3959	483.046
3960	421.346
3961	403.424
3962	451.959
3963	390.945
3964	398.376
3965	549.647
3966	539.376
3967	315.489
3968	455.154
3969	450.726
3970	492.183
3971	486.786
3972	528.889
3973	561.341
3974	440.025
3975	418.892
3976	202.537
3977	291.423
3978	332.291
3979	498.547
3980	450.06
3981	457.773
3982	461.015
3983	157.243
3984	481.251
3985	480.102
3986	471.822
3987	525.029
3988	394.849
3989	505.753
3990	604.471
3991	469.004
3992	498.102
3993	547.747
3994	546.626
3995	524.448
3996	91.0639
3997	424.918
