1	631.97
2	616.324
3	628.392
4	629.621
5	623.962
6	639.465
7	631.98
8	634.413
9	624.516
10	631.174
11	633.261
12	623.512
13	629.504
14	620.584
15	627.665
16	636.593
17	630.465
18	634.884
19	623.947
20	625.971
21	636.051
22	627.85
23	658.574
24	627.631
25	621.576
26	625.375
27	617.941
28	631.097
29	619.036
30	631.599
31	636.202
32	623.527
33	631.922
34	626.684
35	618.849
36	629.667
37	625.036
38	623.057
39	619.98
40	632.378
41	624
42	615.403
43	619.926
44	620.095
45	601.248
46	619.636
47	615.499
48	622.403
49	631.097
50	623.774
51	623.365
52	628.288
53	626.994
54	617.146
55	626.694
56	632.163
57	615.306
58	622.065
59	625.451
60	620.059
61	620.58
62	618.105
63	622.674
64	617.216
65	622.756
66	626.247
67	632.35
68	634.199
69	630.417
70	627.889
71	619.32
72	617.161
73	609.182
74	635.162
75	635.617
76	621.561
77	624.049
78	627.153
79	649.685
80	655.645
81	620.758
82	627.079
83	627.888
84	643.417
85	635.888
86	629.77
87	633.648
88	629.562
89	635.527
90	609.122
91	616.481
92	622.327
93	625.903
94	626.401
95	628.866
96	628.787
97	629.44
98	624.814
99	617.385
100	620.412
101	619.704
102	618.994
103	620.628
104	626.287
105	627.174
106	624.67
107	621.587
108	626.332
109	628.816
110	628.765
111	634.74
112	626.2
113	634.979
114	629.92
115	625.585
116	615.615
117	625.1
118	625.127
119	626.25
120	623.938
121	630.151
122	630.919
123	628.221
124	636.475
125	625.302
126	609.4
127	620.978
128	625.233
129	634.751
130	630.732
131	624.426
132	629.644
133	614.503
134	615.71
135	630.918
136	625.638
137	620.355
138	621.615
139	635.027
140	623.618
141	627.487
142	630.289
143	632.671
144	631.985
145	626.233
146	625.978
147	623.118
148	626.163
149	629.276
150	608.398
151	634.043
152	632.875
153	625.771
154	622.136
155	626.518
156	628.474
157	618.404
158	624.629
159	621.185
160	628.611
161	616.844
162	622.516
163	619.731
164	612.749
165	623.221
166	630.696
167	622.714
168	635.749
169	624.309
170	637.005
171	621.522
172	619.895
173	620.682
174	631.421
175	623.425
176	623.454
177	622.409
178	624.607
179	620.14
180	627.707
181	624.041
182	619.932
183	624.136
184	623.78
185	624.2
186	627.716
187	623.228
188	631.779
189	625.364
190	629.774
191	617.703
192	630.838
193	622.328
194	608.749
195	627.808
196	634.762
197	622.655
198	621.436
199	614.494
200	637.111
201	642.498
202	624.282
203	631.83
204	627.815
205	631.238
206	624.381
207	620.976
208	625.489
209	621.39
210	636.918
211	626.275
212	624.73
213	619.049
214	627.381
215	634.392
216	641.565
217	631.696
218	626.45
219	634.998
220	630.623
221	615.574
222	612.211
223	620.425
224	616.804
225	626.657
226	622.602
227	625.2
228	602.614
229	609.758
230	620.19
231	636.676
232	630.446
233	632.196
234	622.583
235	636.329
236	634.082
237	633.497
238	631.595
239	629.006
240	628.307
241	630.274
242	619.238
243	622.902
244	631.133
245	625.234
246	629.369
247	618.455
248	631.698
249	630.195
250	622.986
251	616.275
252	627.256
253	606.951
254	630.619
255	632.622
256	628.482
257	622.816
258	627.972
259	619.915
260	622.469
261	630.794
262	626.089
263	622.921
264	632.351
265	618.816
266	621.154
267	632.153
268	632.107
269	625.39
270	632.873
271	631.698
272	632.592
273	624.464
274	631.532
275	632.727
276	632.457
277	607.69
278	615.758
279	627.107
280	625.941
281	622.237
282	617.956
283	622.497
284	627.499
285	632.572
286	630.39
287	626.427
288	619.901
289	626.552
290	626.228
291	626.113
292	622.511
293	611.856
294	628.418
295	626.994
296	616.188
297	619.93
298	626.993
299	617.381
300	625.336
301	626.315
302	621.854
303	623.187
304	624.554
305	618.405
306	636.585
307	628.585
308	627.459
309	631.483
310	631.574
311	623.537
312	617.631
313	631.557
314	625.206
315	628.196
316	633.519
317	619.9
318	624.157
319	632.562
320	634.806
321	623.14
322	631.226
323	635.175
324	620.095
325	622.986
326	641.804
327	620.133
328	633.603
329	632.896
330	624.928
331	626.331
332	624.456
333	630.626
334	630.569
335	629.092
336	629.501
337	632.082
338	621.779
339	622.278
340	620.548
341	620.803
342	621.61
343	618.748
344	615.107
345	633.96
346	627.986
347	631.226
348	622.664
349	630.847
350	634.629
351	634.063
352	632.323
353	630.578
354	633.153
355	632.011
356	637.719
357	633.152
358	623.109
359	624.932
360	631.623
361	618.217
362	621.656
363	616.095
364	624.49
365	617.92
366	623.797
367	622.667
368	630.086
369	621.656
370	630.597
371	630.335
372	629.348
373	628.741
374	617.213
375	628.072
376	628.434
377	636.273
378	632.066
379	623.243
380	613.528
381	629.155
382	630.611
383	636.696
384	638.205
385	629.948
386	632.362
387	611.781
388	628.509
389	621.084
390	618.312
391	619.605
392	631.074
393	626.916
394	631.7
395	627.421
396	619.749
397	632.058
398	640.461
399	625.555
400	622.49
401	624.447
402	625.949
403	623.026
404	620.243
405	618.295
406	604.137
407	625.702
408	636.003
409	621.308
410	630.297
411	632.77
412	626.824
413	620.565
414	629.029
415	624.346
416	632.411
417	626.537
418	628.619
419	621.512
420	614.176
421	609.519
422	624.569
423	622.997
424	631.445
425	623.853
426	631.021
427	621.639
428	627.175
429	613.534
430	623.537
431	633.679
432	633.997
433	626.692
434	623.574
435	617.953
436	621.321
437	630.072
438	623.624
439	622.198
440	627.723
441	627.781
442	630.339
443	620.221
444	603.966
445	624.22
446	627.783
447	630.747
448	623.382
449	626.387
450	630.642
451	634.179
452	626.911
453	632.329
454	631.336
455	632.147
456	633.404
457	630.458
458	623.13
459	625.361
460	642.913
461	598.047
462	598.062
463	602.352
464	632.089
465	625.656
466	626.801
467	638.811
468	620.42
469	616.7
470	628.481
471	626.979
472	622.169
473	627.996
474	633.294
475	628.505
476	646.41
477	628.296
478	627.644
479	621.618
480	628.852
481	621.771
482	642.335
483	626.122
484	627.469
485	633.798
486	625.018
487	623.944
488	617.911
489	627.813
490	614.444
491	620.661
492	613.857
493	642.045
494	638.152
495	630.15
496	627.896
497	624.82
498	630.77
499	618.308
500	618.493
501	620.316
502	620.388
503	630.566
504	628.356
505	636.179
506	620.043
507	618.696
508	630.486
509	627.652
510	631.629
511	631.866
512	632.557
513	626.977
514	619.408
515	624.292
516	624.105
517	618.074
518	619.489
519	619.193
520	632.75
521	623.736
522	623.532
523	627.294
524	634.08
525	632.705
526	627.269
527	614.018
528	618.357
529	625.427
530	634.818
531	622.621
532	624.465
533	617.313
534	625.499
535	638.03
536	630.823
537	603.22
538	622.853
539	616.031
540	633.214
541	629.778
542	629.712
543	626.763
544	621.675
545	627.543
546	640.552
547	628.876
548	630.996
549	623.161
550	613.264
551	629.492
552	630.064
553	627.645
554	623.447
555	634.39
556	626.345
557	633.906
558	630.345
559	614.043
560	631.888
561	614.287
562	630.785
563	634.587
564	619.39
565	627.176
566	634.513
567	635.78
568	628.146
569	623.692
570	618.537
571	618.602
572	618.6
573	628.567
574	608.166
575	626.061
576	612.579
577	629.313
578	624.233
579	627.149
580	618.456
581	627.162
582	625.41
583	622.983
584	637.234
585	625.675
586	632.316
587	626.902
588	642.676
589	627.896
590	626.236
591	630.442
592	623.134
593	616.463
594	623.367
595	619.38
596	636.967
597	629.717
598	631.41
599	628.169
600	636.04
601	639.666
602	637.013
603	626.639
604	624.236
605	619.809
606	618.348
607	612.672
608	612.453
609	628.449
610	633.407
611	627.187
612	625.926
613	627.952
614	623.572
615	620.593
616	623.112
617	629.677
618	635.172
619	628.744
620	629.116
621	629.607
622	627.569
623	624.47
624	609.39
625	622.727
626	634.739
627	632.047
628	630.249
629	634.557
630	624.691
631	626.8
632	628.921
633	622.293
634	627.63
635	628.425
636	614.502
637	625.865
638	630.082
639	629.586
640	626.182
641	635.272
642	630.891
643	623.315
644	637.786
645	634.837
646	614.709
647	633.251
648	634.336
649	645.659
650	626.869
651	637.685
652	637.433
653	630.646
654	623.653
655	625.942
656	616.581
657	632.911
658	625.036
659	628.751
660	630.564
661	627.746
662	633.606
663	624.451
664	629.411
665	628.292
666	637.379
667	631.834
668	628.192
669	630.848
670	628.171
671	623.462
672	626.79
673	623.15
674	631.55
675	623.277
676	622.171
677	624.944
678	632.009
679	626.018
680	617.251
681	625.33
682	635.409
683	626.005
684	628.053
685	620.556
686	626.422
687	626.537
688	622.586
689	619.071
690	619.214
691	630.305
692	620.707
693	623.255
694	631.152
695	631.556
696	630.167
697	632.818
698	627.617
699	626.456
700	622.369
701	634.226
702	628.809
703	628.339
704	638.685
705	625.144
706	628.742
707	631.929
708	619.877
709	621.927
710	630.983
711	620.439
712	626.284
713	617.99
714	607.162
715	625.697
716	621.629
717	629.941
718	627.393
719	634.413
720	626.9
721	629.176
722	621.986
723	631.184
724	608.378
725	628.072
726	627.764
727	634.611
728	627.742
729	628.155
730	622.096
731	620.355
732	623.355
733	615.844
734	618.364
735	623.994
736	621.739
737	625.054
738	626.511
739	627.295
740	627.147
741	629.489
742	636.345
743	633.947
744	626.166
745	612.909
746	627.008
747	624.734
748	634.017
749	626.917
750	629.856
751	621.712
752	628.126
753	621.134
754	636.839
755	629.883
756	630.24
757	624.008
758	616.602
759	617.572
760	616.497
761	616.53
762	626.028
763	614.998
764	616.774
765	632.62
766	633.359
767	637.749
768	635.748
769	627.484
770	629.369
771	628.356
772	626.904
773	619.554
774	619.465
775	640.351
776	632.681
777	613.301
778	611.588
779	634.634
780	603.499
781	614.983
782	629.187
783	623.227
784	618.694
785	620.802
786	632.224
787	630.18
788	628.999
789	619.036
790	615.018
791	625.775
792	626.617
793	611.793
794	627.978
795	628.556
796	628.354
797	628.019
798	633.149
799	628.899
800	623.881
801	631.616
802	623.504
803	623.845
804	621.533
805	622.499
806	630.343
807	626.104
808	629.722
809	623.915
810	628.71
811	627.853
812	624.302
813	625.71
814	632.952
815	632.604
816	617.223
817	617.361
818	607.975
819	622.196
820	610.97
821	627.302
822	629.719
823	626.767
824	631.363
825	616.853
826	621.034
827	620.331
828	629.786
829	628.924
830	617.191
831	632.973
832	621.019
833	625.899
834	627.502
835	616.936
836	631.008
837	619.169
838	618.496
839	631.377
840	625.09
841	619.594
842	622.642
843	616.176
844	625.294
845	638.919
846	638
847	629.371
848	628.138
849	630.34
850	616.859
851	635.323
852	625.752
853	620.977
854	627.929
855	623.526
856	636.621
857	621.699
858	621.618
859	619.759
860	618.708
861	623.145
862	618.889
863	630.715
864	633.939
865	639.926
866	638.005
867	626.384
868	628.096
869	632.999
870	633.946
871	629.203
872	619.032
873	621.328
874	624.513
875	623.614
876	639.119
877	620.557
878	611.81
879	615.289
880	627.18
881	627.646
882	629.745
883	621.486
884	613.297
885	620.039
886	630.692
887	623.703
888	638.346
889	622.551
890	626.753
891	622.514
892	624.64
893	628.029
894	632.563
895	625.616
896	620.317
897	616.668
898	622.245
899	618.266
900	630.501
901	626.971
902	630.943
903	621.159
904	636.508
905	626.693
906	623.499
907	629.952
908	625.044
909	620.301
910	637.499
911	615.261
912	626.753
913	638.491
914	628.988
915	625.457
916	617.58
917	616.438
918	614.816
919	624.896
920	626.238
921	630.624
922	619.953
923	623.796
924	619.326
925	622.14
926	637.002
927	631.329
928	626.522
929	632.57
930	627.65
931	615.933
932	625.281
933	621.985
934	631.327
935	644.861
936	607.127
937	630.493
938	635.992
939	618.74
940	619.793
941	633.035
942	627.037
943	633.933
944	629.361
945	638.361
946	622.251
947	628.267
948	626.198
949	629.912
950	626.6
951	630.95
952	630.672
953	617.68
954	606.709
955	615.068
956	623.795
957	629.895
958	634.296
959	638.952
960	632.505
961	635.09
962	628.102
963	628.872
964	616.714
965	621.418
966	622.742
967	626.334
968	626.276
969	625.45
970	625.752
971	628.57
972	628.077
973	634.472
974	624.367
975	622.489
976	606.888
977	626.46
978	625.24
979	626.114
980	629.534
981	608.927
982	618.586
983	629.729
984	643.737
985	611.584
986	635.105
987	600.045
988	623.746
989	629.53
990	634.861
991	616.893
992	627.754
993	626.125
994	639.381
995	629.54
996	621.148
997	615.914
998	612.453
999	636.727
1000	620.252
1001	612.414
1002	632.191
1003	635.338
1004	630.107
1005	626.987
1006	620.498
1007	616.361
1008	633.38
1009	621.728
1010	628.978
1011	629.162
1012	630.036
1013	616.307
1014	633.317
1015	628.933
1016	627.634
1017	628.289
1018	627.5
1019	631.049
1020	635.349
1021	630.542
1022	630.146
1023	622.01
1024	615.401
1025	627.557
1026	620.785
1027	618.962
1028	627.826
1029	624.291
1030	623.972
1031	626.792
1032	631.691
1033	636.864
1034	629.512
1035	627.532
1036	629.328
1037	626.94
1038	618.754
1039	621.325
1040	620.972
1041	626.33
1042	626.923
1043	631.1
1044	565.871
1045	630.913
1046	631.932
1047	630.796
1048	627.402
1049	613.231
1050	623.657
1051	632.474
1052	630.161
1053	633.475
1054	621.535
1055	610.087
1056	621.222
1057	629.987
1058	622.253
1059	615.462
1060	627.68
1061	620.611
1062	623.917
1063	629.689
1064	628.821
1065	629.625
1066	632.579
1067	617.026
1068	620.627
1069	621.856
1070	626.872
1071	628.677
1072	631.074
1073	636.652
1074	622.57
1075	625.343
1076	632.56
1077	631.164
1078	619.263
1079	614.898
1080	619.945
1081	624.863
1082	628.362
1083	619.33
1084	619.115
1085	581.089
1086	627.15
1087	627.079
1088	621.161
1089	625.578
1090	638.644
1091	615.615
1092	625.761
1093	628.626
1094	641.871
1095	634.423
1096	621.942
1097	611.571
1098	630.833
1099	632.659
1100	631.242
1101	629.71
1102	629.616
1103	617.845
1104	627.392
1105	611.164
1106	620.626
1107	629.488
1108	630.839
1109	622.007
1110	618.211
1111	624.164
1112	630.966
1113	619.247
1114	622.721
1115	615.663
1116	617.706
1117	627.124
1118	624.577
1119	620.524
1120	627.065
1121	615.32
1122	629.674
1123	625.496
1124	619.229
1125	625.871
1126	619.307
1127	617.242
1128	631.738
1129	636.895
1130	625.812
1131	622.745
1132	624.36
1133	630.347
1134	630.8
1135	626.502
1136	616.099
1137	606.848
1138	625.379
1139	625.483
1140	630.667
1141	630.542
1142	621.985
1143	627.301
1144	625.895
1145	625.468
1146	620.646
1147	623.513
1148	614.03
1149	625.485
1150	622.24
1151	619.391
1152	627.316
1153	628.888
1154	623.009
1155	623.624
1156	625.783
1157	626.538
1158	616.476
1159	624.165
1160	615.428
1161	624.918
1162	634.111
1163	636.545
1164	626.47
1165	630.802
1166	633.634
1167	634.989
1168	614.026
1169	622.364
1170	636.715
1171	636.63
1172	623.469
1173	630.932
1174	638.211
1175	631.739
1176	614.74
1177	610.347
1178	624.719
1179	625.68
1180	627.218
1181	633.958
1182	616.491
1183	618.152
1184	622.724
1185	634.254
1186	625.797
1187	623.092
1188	614.316
1189	616.878
1190	618.045
1191	618.575
1192	614.178
1193	618.268
1194	630.664
1195	619.768
1196	626.976
1197	634.393
1198	620.108
1199	631.082
1200	618.508
1201	618.66
1202	631.572
1203	618.879
1204	634.118
1205	630.191
1206	623.464
1207	630.198
1208	628.191
1209	639.563
1210	608.884
1211	614.775
1212	624.133
1213	630.531
1214	623.624
1215	611.148
1216	624.455
1217	625.669
1218	637.07
1219	643.706
1220	611.828
1221	624.805
1222	615.143
1223	607.353
1224	628.955
1225	618.44
1226	613.737
1227	616.065
1228	632.321
1229	629.719
1230	619.677
1231	627.608
1232	625.688
1233	626.498
1234	617.964
1235	620.643
1236	627.868
1237	625.514
1238	628.16
1239	625.674
1240	628.533
1241	617.855
1242	616.013
1243	614.272
1244	627.371
1245	621.163
1246	622.614
1247	626.543
1248	627.62
1249	624.17
1250	624.32
1251	625.621
1252	628.509
1253	629.42
1254	629.123
1255	621.387
1256	623.817
1257	617.065
1258	626.795
1259	656.21
1260	634.105
1261	618.941
1262	632.718
1263	628.987
1264	623.374
1265	631.785
1266	640.314
1267	642.987
1268	635.595
1269	620.612
1270	621.209
1271	629.662
1272	633.768
1273	619.881
1274	627.324
1275	629.138
1276	632.124
1277	627.782
1278	626.717
1279	625.866
1280	603.028
1281	620.53
1282	626.726
1283	632.547
1284	622.965
1285	626.905
1286	645.093
1287	613.578
1288	629.593
1289	627.778
1290	624.49
1291	623.763
1292	628.132
1293	636.018
1294	624.712
1295	638.644
1296	618.452
1297	634.429
1298	632.235
1299	630.045
1300	615.427
1301	631.715
1302	635.015
1303	634.345
1304	637.269
1305	639.4
1306	621.159
1307	628.35
1308	619.204
1309	617.72
1310	626.125
1311	615.074
1312	616.818
1313	615.66
1314	624.89
1315	629.305
1316	633.99
1317	621.697
1318	618.386
1319	629.336
1320	625.36
1321	631.802
1322	631.045
1323	634.519
1324	629.623
1325	625.145
1326	623.22
1327	576.191
1328	634.732
1329	629.957
1330	628.601
1331	628.335
1332	622.545
1333	620.119
1334	624.347
1335	626.896
1336	622.607
1337	618.627
1338	626.346
1339	624.081
1340	625.417
1341	629.875
1342	624.538
1343	625.955
1344	623.883
1345	640.528
1346	622.558
1347	626.021
1348	626.032
1349	630.658
1350	634.732
1351	632.225
1352	630.975
1353	621.411
1354	620.521
1355	620.71
1356	630.251
1357	630.07
1358	635.12
1359	627.528
1360	620.627
1361	633.473
1362	644.374
1363	628.582
1364	616.071
1365	620.708
1366	619.115
1367	613.877
1368	627.779
1369	621.072
1370	633.884
1371	627.953
1372	636.427
1373	629.712
1374	626.409
1375	634.54
1376	621.756
1377	634.455
1378	607.414
1379	613.599
1380	624.523
1381	618.592
1382	624.744
1383	632.088
1384	632.721
1385	621.986
1386	634.989
1387	624.786
1388	617.271
1389	617.704
1390	619.411
1391	627.853
1392	628.653
1393	631.006
1394	632.16
1395	621.553
1396	634.809
1397	631.499
1398	633.284
1399	621.062
1400	619.715
1401	626.572
1402	624.925
1403	618.942
1404	627.864
1405	624.694
1406	620.764
1407	624.96
1408	628.447
1409	637.03
1410	630.538
1411	627.049
1412	628.537
1413	625.425
1414	624.599
1415	628.919
1416	627.489
1417	626.226
1418	624.693
1419	615.111
1420	623.238
1421	613.356
1422	626.763
1423	626.418
1424	631.057
1425	618.138
1426	616.205
1427	628.27
1428	623.42
1429	630.995
1430	642.409
1431	640.289
1432	639.606
1433	639.103
1434	630.362
1435	628.096
1436	613.782
1437	608.838
1438	611.461
1439	621.366
1440	624.454
1441	628.757
1442	619.198
1443	618.456
1444	632.976
1445	620.295
1446	631.001
1447	628.936
1448	628.422
1449	618.682
1450	621.348
1451	628.503
1452	621.667
1453	620.685
1454	630.632
1455	637.377
1456	623.324
1457	636.313
1458	625.629
1459	641.556
1460	625.377
1461	630.251
1462	629.406
1463	629.448
1464	619.702
1465	612.219
1466	622.085
1467	624.708
1468	625.854
1469	621.841
1470	632.469
1471	629.117
1472	632.15
1473	635.222
1474	676.706
1475	630.136
1476	626.128
1477	630.071
1478	630.551
1479	636.591
1480	615.25
1481	630.918
1482	627.606
1483	625.539
1484	628.019
1485	618.28
1486	619.148
1487	625.183
1488	632.786
1489	621.157
1490	638.09
1491	635.272
1492	620.672
1493	614.866
1494	624.085
1495	623.764
1496	616.668
1497	622.873
1498	627.837
1499	619.804
1500	613.252
1501	603.957
1502	627.579
1503	613.907
1504	615.831
1505	619
1506	625.928
1507	629.634
1508	626.822
1509	624.374
1510	628.538
1511	622.606
1512	620.69
1513	619.583
1514	624.029
1515	636.767
1516	622.569
1517	625.649
1518	630.993
1519	629.492
1520	620.328
1521	625.174
1522	623.881
1523	629.532
1524	632.469
1525	627.756
1526	623.507
1527	623.006
1528	624.085
1529	626.261
1530	624.185
1531	626.305
1532	617.215
1533	623.055
1534	625.3
1535	616.211
1536	622.011
1537	631.868
1538	630.97
1539	628.563
1540	619.356
1541	630.312
1542	636.37
1543	632.404
1544	624.384
1545	631.746
1546	630.033
1547	637.499
1548	632.84
1549	624.572
1550	627.457
1551	628.752
1552	628.863
1553	616.649
1554	627.705
1555	633.068
1556	617.978
1557	628.337
1558	626.783
1559	620.169
1560	626.206
1561	631.926
1562	630.702
1563	615.761
1564	615.546
1565	619.525
1566	637.74
1567	624.988
1568	616.996
1569	639.103
1570	636.729
1571	630.06
1572	633.601
1573	626.106
1574	617.428
1575	621.529
1576	624.62
1577	632.516
1578	622.837
1579	622.232
1580	620.972
1581	626.927
1582	621.129
1583	624.348
1584	630.506
1585	637.497
1586	631.7
1587	622.488
1588	630.354
1589	628.739
1590	623.686
1591	623.093
1592	631.815
1593	617.088
1594	621.453
1595	611.74
1596	614.605
1597	617.365
1598	620.19
1599	626.219
1600	626.657
1601	619.32
1602	621.28
1603	613.298
1604	625.648
1605	613.196
1606	625.257
1607	619.458
1608	631.801
1609	633.37
1610	622.533
1611	624.538
1612	625.907
1613	623.357
1614	626.225
1615	630.889
1616	629.243
1617	621.738
1618	628.213
1619	624.833
1620	624.543
1621	627.416
1622	611.847
1623	626.638
1624	629.018
1625	628.859
1626	621.016
1627	642.226
1628	624.738
1629	622.085
1630	645.15
1631	631.687
1632	620.351
1633	620.658
1634	628.651
1635	629.571
1636	624.59
1637	679.297
1638	620.773
1639	631.742
1640	614.152
1641	633.597
1642	628.419
1643	621.466
1644	632.456
1645	627.783
1646	631.31
1647	631.709
1648	629.487
1649	634.349
1650	626.756
1651	622.021
1652	621.497
1653	626.421
1654	629.297
1655	631.502
1656	626.494
1657	623.005
1658	620.701
1659	606.605
1660	625.316
1661	628.078
1662	624.792
1663	633.871
1664	628.752
1665	635.947
1666	631.741
1667	620.078
1668	631.972
1669	621.423
1670	622.235
1671	626.343
1672	626.654
1673	629.751
1674	618.499
1675	617.675
1676	620.887
1677	625.571
1678	623.025
1679	621.092
1680	627.16
1681	624.778
1682	628.252
1683	626.673
1684	622.821
1685	614.943
1686	624.158
1687	627.932
1688	625.85
1689	640.601
1690	628.927
1691	630.433
1692	637.882
1693	635.638
1694	629.344
1695	626.003
1696	618.732
1697	623.436
1698	619.37
1699	627.927
1700	620.069
1701	617.866
1702	624.532
1703	625.45
1704	618.381
1705	623.977
1706	618.686
1707	626.39
1708	643.892
1709	621.324
1710	610.921
1711	612.222
1712	626.577
1713	626.117
1714	623.382
1715	617.108
1716	632.766
1717	624.236
1718	632.707
1719	629.645
1720	628.909
1721	626.3
1722	627.779
1723	623.779
1724	638.515
1725	626.122
1726	622.165
1727	631.825
1728	626.564
1729	613.855
1730	615.05
1731	631.075
1732	620.829
1733	622.413
1734	613.239
1735	611.57
1736	617.634
1737	628.519
1738	627.457
1739	631.775
1740	624.359
1741	617.296
1742	620.023
1743	621.312
1744	623.378
1745	546.598
1746	629.858
1747	621.299
1748	620.067
1749	621.422
1750	625.187
1751	632.926
1752	628.345
1753	616.574
1754	611.747
1755	630.567
1756	626.879
1757	631.436
1758	631.017
1759	624.486
1760	621.193
1761	623.815
1762	627.686
1763	621.226
1764	634.491
1765	628.517
1766	632.841
1767	624.992
1768	626.298
1769	636.665
1770	624.042
1771	618.703
1772	624.522
1773	619.147
1774	638.844
1775	618.581
1776	642.291
1777	632.748
1778	627.199
1779	608.02
1780	618.072
1781	633.475
1782	629.513
1783	631.154
1784	618.083
1785	628.379
1786	624.457
1787	619.805
1788	626.774
1789	622.703
1790	616.81
1791	622.963
1792	612.16
1793	611.331
1794	607.006
1795	619.245
1796	619.337
1797	631.898
1798	619.987
1799	607.779
1800	630.188
1801	617.257
1802	616.792
1803	623.166
1804	622.008
1805	633.942
1806	634.321
1807	624.514
1808	622.331
1809	621.449
1810	629.414
1811	623.731
1812	622.157
1813	635.342
1814	628.995
1815	619.398
1816	623.212
1817	628.806
1818	633.536
1819	623.523
1820	613.772
1821	612.78
1822	620.834
1823	624.307
1824	620.141
1825	631.239
1826	629.873
1827	633.006
1828	633.41
1829	620.304
1830	629.458
1831	624.876
1832	620.17
1833	640.659
1834	627.969
1835	626.624
1836	634.109
1837	643.381
1838	630.532
1839	618.509
1840	620.691
1841	625.323
1842	626.726
1843	625.26
1844	619.668
1845	626.17
1846	618.633
1847	615.206
1848	633.835
1849	630.597
1850	619.148
1851	611.762
1852	619.444
1853	633.314
1854	630.142
1855	623.017
1856	639.876
1857	623.628
1858	615.052
1859	622.194
1860	620.231
1861	629.246
1862	622.858
1863	626.629
1864	621.366
1865	632.324
1866	629.547
1867	631.721
1868	624.831
1869	622.585
1870	634.222
1871	622.318
1872	619.574
1873	629.005
1874	628.213
1875	615.514
1876	632.084
1877	628.634
1878	627.098
1879	621.693
1880	623.218
1881	631.028
1882	594.035
1883	583.075
1884	639.29
1885	636.97
1886	625.245
1887	627.354
1888	624.36
1889	624.528
1890	626.236
1891	639.769
1892	625.457
1893	626.436
1894	630.313
1895	632.173
1896	627.541
1897	621.121
1898	635.955
1899	638.837
1900	627.335
1901	619.679
1902	627.555
1903	621.388
1904	621.834
1905	620.476
1906	627.685
1907	626.959
1908	622.739
1909	635.529
1910	631.512
1911	617.989
1912	624.637
1913	631.555
1914	623.679
1915	616.129
1916	626.733
1917	618.882
1918	626.168
1919	615.526
1920	624.69
1921	629.662
1922	633.078
1923	617.249
1924	620.94
1925	630.621
1926	628.345
1927	629.624
1928	628.397
1929	636.465
1930	633.077
1931	635.76
1932	620.447
1933	622.236
1934	639.148
1935	621.95
1936	626.539
1937	627.514
1938	622.822
1939	632.071
1940	635.648
1941	631.454
1942	622.86
1943	629.099
1944	629.574
1945	620.872
1946	623.639
1947	631.546
1948	624.454
1949	625.796
1950	628.342
1951	618.536
1952	627.417
1953	622.995
1954	634.437
1955	632.371
1956	623.9
1957	628.553
1958	634.078
1959	632.599
1960	628.041
1961	624.669
1962	616.285
1963	614.231
1964	618.83
1965	622.527
1966	615.693
1967	616.572
1968	634.013
1969	635.689
1970	622.589
1971	632.47
1972	623.073
1973	628.248
1974	619.299
1975	628.309
1976	589.556
1977	617.451
1978	623.124
1979	613.731
1980	624.174
1981	633.392
1982	632.397
1983	628.987
1984	625.293
1985	620.009
1986	622.943
1987	630.639
1988	621.652
1989	624.368
1990	637.576
1991	613.947
1992	629.362
1993	627.129
1994	627.62
1995	624.993
1996	621.282
1997	620.484
1998	622.874
1999	627.184
2000	633.614
2001	626.407
2002	624.047
2003	623.613
2004	631.887
2005	613.404
2006	628.846
2007	626.546
2008	628.009
2009	632.126
2010	630.213
2011	631.198
2012	601.952
2013	608.077
2014	619.126
2015	653.551
2016	623.154
2017	638.337
2018	636.468
2019	620.185
2020	628.919
2021	626.994
2022	623.534
2023	626.229
2024	629.909
2025	621.796
2026	623.686
2027	618.211
2028	623.502
2029	629.217
2030	622.01
2031	625.827
2032	627.693
2033	620.525
2034	626.384
2035	630.669
2036	625.107
2037	630.457
2038	636.256
2039	631.403
2040	631.682
2041	611.067
2042	612.904
2043	619.399
2044	622.373
2045	616.463
2046	627.991
2047	625.242
2048	627.077
2049	614.451
2050	615.589
2051	621.321
2052	627.028
2053	627.28
2054	629.599
2055	621.534
2056	633.813
2057	639.687
2058	632.062
2059	632.493
2060	616.354
2061	621.741
2062	634.268
2063	623.919
2064	630.304
2065	630.764
2066	624.777
2067	627.763
2068	617.596
2069	616.69
2070	621.922
2071	637.501
2072	637.73
2073	629.467
2074	610.645
2075	609.341
2076	621.422
2077	617.534
2078	633.778
2079	629.625
2080	625.818
2081	621.805
2082	634.182
2083	623.122
2084	606.792
2085	616.92
2086	608.836
2087	623.327
2088	628.873
2089	636.133
2090	617.523
2091	614.25
2092	620.569
2093	623.411
2094	629.339
2095	627.908
2096	628.184
2097	622.125
2098	625.974
2099	625.022
2100	620.587
2101	625.376
2102	627.959
2103	629.298
2104	629.971
2105	631.767
2106	613.738
2107	633.368
2108	629.776
2109	620.797
2110	625.428
2111	622.317
2112	628.604
2113	614.166
2114	621.643
2115	612.107
2116	618.434
2117	628.58
2118	619.946
2119	609.238
2120	620.846
2121	622.958
2122	631.797
2123	625.57
2124	623.682
2125	630.373
2126	615.112
2127	629.024
2128	612.937
2129	612.343
2130	621.975
2131	621.111
2132	618.066
2133	622.42
2134	629.002
2135	629.469
2136	632.06
2137	628.056
2138	615.014
2139	607.085
2140	634.686
2141	623.556
2142	634.895
2143	615.81
2144	621.914
2145	617.973
2146	630.348
2147	619.637
2148	633.474
2149	628.399
2150	623.621
2151	621.631
2152	626.822
2153	627.136
2154	622.442
2155	623.54
2156	627.077
2157	617.036
2158	617.698
2159	627.473
2160	626.831
2161	624.992
2162	622.844
2163	627.03
2164	627.819
2165	639.618
2166	626.093
2167	630.038
2168	631.09
2169	630.366
2170	616.377
2171	631.42
2172	628.466
2173	628.323
2174	618.78
2175	618.355
2176	624.524
2177	633.896
2178	636.913
2179	624.171
2180	637.111
2181	626.47
2182	623.478
2183	628.141
2184	634.139
2185	630.717
2186	631.474
2187	625.615
2188	621.88
2189	617.836
2190	615.828
2191	633.015
2192	617.658
2193	622.687
2194	623.906
2195	630.763
2196	628.498
2197	625.931
2198	616.798
2199	622.524
2200	621.941
2201	619.786
2202	611.538
2203	613.485
2204	628.935
2205	625.664
2206	614.74
2207	611.237
2208	620.492
2209	623.822
2210	622.523
2211	636.805
2212	628.65
2213	623.477
2214	628.491
2215	619.02
2216	609.19
2217	619.399
2218	626.799
2219	631.022
2220	623.503
2221	624.443
2222	626.895
2223	622.375
2224	623.261
2225	616.597
2226	616.683
2227	627.472
2228	626.279
2229	632.958
2230	605.205
2231	635.032
2232	647.505
2233	625.593
2234	625.546
2235	628.815
2236	622.387
2237	628.102
2238	624.745
2239	619.289
2240	620.083
2241	627.165
2242	621.588
2243	615.001
2244	625.78
2245	629.203
2246	624.955
2247	612.968
2248	625.544
2249	617.481
2250	623.828
2251	623.691
2252	623.54
2253	630.092
2254	623.474
2255	623.475
2256	621.363
2257	619.313
2258	628.699
2259	614.397
2260	624.087
2261	626.204
2262	630.049
2263	626.984
2264	628.112
2265	630.815
2266	621.416
2267	626.495
2268	632.112
2269	630.71
2270	629.687
2271	620.334
2272	618.722
2273	629.842
2274	631.55
2275	628.533
2276	621.084
2277	633.19
2278	623.813
2279	623.351
2280	632.113
2281	624.96
2282	625.198
2283	619.317
2284	626.759
2285	633.653
2286	622.545
2287	637.377
2288	636.888
2289	636.203
2290	622.714
2291	626.501
2292	637.098
2293	625.453
2294	619.753
2295	623.926
2296	635.698
2297	631.235
2298	626.76
2299	625.029
2300	625.479
2301	629.842
2302	628.971
2303	635.163
2304	628.036
2305	635.103
2306	629.508
2307	627.691
2308	622.522
2309	617.734
2310	634.687
2311	625.505
2312	620.079
2313	619.734
2314	626.57
2315	623.566
2316	636.11
2317	624.253
2318	617.409
2319	616.324
2320	615.606
2321	632.198
2322	639.335
2323	635.104
2324	622.892
2325	636.425
2326	630.316
2327	612.586
2328	624.636
2329	627.225
2330	615.813
2331	628.761
2332	630.804
2333	630.468
2334	613.785
2335	623.109
2336	627.395
2337	630.738
2338	632.393
2339	622.166
2340	615.508
2341	619.808
2342	625.649
2343	630.992
2344	625.132
2345	621.448
2346	634.343
2347	621.18
2348	621.524
2349	627.877
2350	619.302
2351	631.434
2352	634.878
2353	627.875
2354	615.219
2355	621.321
2356	629.302
2357	630.898
2358	634.153
2359	634.084
2360	632.246
2361	625.798
2362	619.638
2363	627.039
2364	629.774
2365	621.35
2366	627.178
2367	611.037
2368	622.103
2369	619.127
2370	621.163
2371	621.76
2372	610.713
2373	633.363
2374	628.314
2375	628.076
2376	630.906
2377	634.043
2378	623.966
2379	629.102
2380	621.945
2381	631.276
2382	621.709
2383	634.905
2384	627.916
2385	624.987
2386	626.122
2387	632.013
2388	630.57
2389	628.617
2390	624.51
2391	621.637
2392	614.322
2393	624.664
2394	632.001
2395	623.362
2396	618.871
2397	630.932
2398	631.774
2399	644.767
2400	633.36
2401	619.037
2402	631.243
2403	629.553
2404	624.105
2405	621.453
2406	626.542
2407	630.524
2408	619.852
2409	617.024
2410	619.313
2411	621.694
2412	624.815
2413	618.028
2414	607.639
2415	636.134
2416	623.14
2417	614.372
2418	628.09
2419	626.308
2420	625.746
2421	624.452
2422	628.626
2423	619.979
2424	624.064
2425	628.458
2426	621.839
2427	623.802
2428	618.71
2429	610.29
2430	612.738
2431	610.972
2432	622.712
2433	635.817
2434	591.844
2435	628.24
2436	627.52
2437	623.223
2438	625.606
2439	627.011
2440	611.448
2441	632.036
2442	634.079
2443	627.137
2444	626.823
2445	625.9
2446	626.486
2447	623.575
2448	624.997
2449	633.103
2450	628.57
2451	630.571
2452	623.072
2453	626.109
2454	625.614
2455	630.021
2456	629.292
2457	617.465
2458	624.132
2459	622.973
2460	620.331
2461	623.772
2462	626.026
2463	623.661
2464	660.545
2465	621.167
2466	621.062
2467	628.454
2468	618.019
2469	621.904
2470	626.86
2471	625.309
2472	596.045
2473	615.06
2474	625.627
2475	628.467
2476	637.085
2477	626.443
2478	628.105
2479	624.407
2480	626.886
2481	618.945
2482	623.025
2483	609.434
2484	620.532
2485	624.766
2486	629.656
2487	623.861
2488	631.991
2489	607.319
2490	623.335
2491	614.361
2492	635.134
2493	622.133
2494	615.888
2495	631.268
2496	617.141
2497	621.267
2498	629.045
2499	623.003
2500	628.898
2501	626.021
2502	620.384
2503	631.124
2504	620.96
2505	624.729
2506	633.768
2507	617.15
2508	628.404
2509	623.836
2510	623.014
2511	625.522
2512	629.247
2513	630.513
2514	639.099
2515	628.364
2516	632.198
2517	626.097
2518	631.875
2519	631.268
2520	621.741
2521	624.919
2522	623.134
2523	614.585
2524	610.678
2525	619.623
2526	625.672
2527	633.11
2528	630.295
2529	624.313
2530	630.296
2531	615.999
2532	621.373
2533	622.969
2534	622.343
2535	630.451
2536	615.99
2537	626.859
2538	624.661
2539	628.747
2540	624.759
2541	621.841
2542	632.423
2543	632.006
2544	614.891
2545	631.548
2546	623.981
2547	635.86
2548	630.321
2549	628.505
2550	627.169
2551	628.356
2552	631.633
2553	643.429
2554	629.132
2555	625.293
2556	618.839
2557	599.448
2558	619.014
2559	621.098
2560	617.41
2561	633.443
2562	631.302
2563	635.276
2564	636.837
2565	621.471
2566	633.848
2567	634.519
2568	616.197
2569	615.797
2570	622.904
2571	622.054
2572	620.604
2573	636.387
2574	623.89
2575	616.166
2576	621.389
2577	617.387
2578	630.418
2579	613.923
2580	621.479
2581	623.746
2582	633.747
2583	626.366
2584	633.529
2585	627.958
2586	626.83
2587	626.097
2588	637.69
2589	633.835
2590	626.254
2591	625.34
2592	621.488
2593	610.32
2594	616.127
2595	624.529
2596	615.305
2597	616.387
2598	627.833
2599	631.664
2600	630.437
2601	629.976
2602	629.456
2603	633.756
2604	621.452
2605	633.109
2606	633.736
2607	625.291
2608	635.448
2609	629.383
2610	635.493
2611	635.788
2612	618.177
2613	622.779
2614	621.1
2615	626.629
2616	623.889
2617	609.684
2618	624.003
2619	630.52
2620	638.895
2621	640.471
2622	637.615
2623	605.627
2624	623.435
2625	631.615
2626	622.236
2627	632.913
2628	636.887
2629	622.131
2630	622.148
2631	641.184
2632	630.663
2633	631.305
2634	622.994
2635	619.511
2636	620.905
2637	630.171
2638	620.85
2639	612.94
2640	610.053
2641	622.088
2642	621.141
2643	628.58
2644	630.726
2645	623.473
2646	632.943
2647	625.593
2648	625.337
2649	618.707
2650	622.774
2651	636.403
2652	629.173
2653	620.585
2654	625.795
2655	631.949
2656	635.674
2657	629.088
2658	631.959
2659	624.716
2660	617.157
2661	628.478
2662	615.471
2663	624.433
2664	627.123
2665	634.517
2666	622.437
2667	624.856
2668	621.157
2669	614.98
2670	624.293
2671	623.386
2672	612.343
2673	633.21
2674	630.345
2675	623.676
2676	625.085
2677	619.039
2678	622.183
2679	625.995
2680	639.303
2681	622.882
2682	623.328
2683	629.996
2684	629.716
2685	626.492
2686	633.124
2687	628.509
2688	626.872
2689	622.3
2690	626.641
2691	618.103
2692	619.711
2693	616.929
2694	615.86
2695	631.96
2696	632.312
2697	631.123
2698	620.448
2699	616.939
2700	627.119
2701	625.294
2702	620.446
2703	632.868
2704	622.241
2705	627.791
2706	622.434
2707	629.838
2708	631.907
2709	621.075
2710	621.463
2711	619.823
2712	623.551
2713	625.387
2714	617.551
2715	638.638
2716	621.072
2717	627.3
2718	624.247
2719	622.465
2720	628.792
2721	614.704
2722	627.543
2723	622.306
2724	623.316
2725	621.758
2726	630.527
2727	632.748
2728	626.504
2729	627.201
2730	626.939
2731	626.33
2732	635.214
2733	618.967
2734	622.186
2735	611.855
2736	622.575
2737	620.644
2738	629.95
2739	632.158
2740	623.737
2741	618.015
2742	621.462
2743	606.415
2744	611.342
2745	633.935
2746	620.594
2747	616.01
2748	604.437
2749	630.073
2750	632.311
2751	618.662
2752	621.792
2753	626.402
2754	618.233
2755	628.769
2756	631.98
2757	636.221
2758	632.233
2759	615.107
2760	625.155
2761	634.235
2762	650.103
2763	627.712
2764	626.491
2765	622.328
2766	616.72
2767	624.73
2768	647.105
2769	632.989
2770	632.145
2771	630.43
2772	635.727
2773	625.636
2774	630.888
2775	623.081
2776	635.628
2777	643.774
2778	621.63
2779	614.342
2780	626.001
2781	629.933
2782	628.476
2783	631.978
2784	639.652
2785	633.32
2786	618.944
2787	627.84
2788	623.511
2789	635.391
2790	624.396
2791	626.878
2792	633.438
2793	649.333
2794	624.298
2795	627.612
2796	632.157
2797	639.932
2798	627.758
2799	617.766
2800	629.018
2801	612.822
2802	623.217
2803	613.372
2804	625.955
2805	627.297
2806	623.055
2807	625.867
2808	603.774
2809	628.664
2810	632.851
2811	634.253
2812	628.283
2813	621.558
2814	623.424
2815	617.059
2816	616.931
2817	631.605
2818	634.942
2819	637.214
2820	630.521
2821	639.181
2822	627.076
2823	631.206
2824	625.93
2825	622.59
2826	632.757
2827	634.373
2828	628.924
2829	622.304
2830	624.653
2831	626.49
2832	618.708
2833	629.86
2834	622.877
2835	626.181
2836	627.437
2837	631.043
2838	629.984
2839	639.803
2840	636.414
2841	633.243
2842	625.315
2843	622.9
2844	632.999
2845	619.435
2846	625.426
2847	621.258
2848	618.621
2849	622.269
2850	624.011
2851	626.045
2852	633.167
2853	618.777
2854	628.548
2855	616.588
2856	615.739
2857	618.481
2858	619.737
2859	611.602
2860	620.356
2861	626.455
2862	633.506
2863	641.649
2864	625.587
2865	618.759
2866	618.988
2867	626.212
2868	626.259
2869	628.586
2870	612.838
2871	623.308
2872	634.307
2873	625.806
2874	617.199
2875	631.648
2876	633.972
2877	637.287
2878	624.25
2879	637.859
2880	630.145
2881	635.302
2882	629.483
2883	628.932
2884	622.037
2885	626.587
2886	628.556
2887	629.267
2888	628.289
2889	629.756
2890	634.106
2891	633.386
2892	632.374
2893	621.682
2894	633.006
2895	623.678
2896	615.88
2897	636.059
2898	625.666
2899	632.332
2900	621.525
2901	618.97
2902	623.732
2903	629.513
2904	636.467
2905	627.706
2906	589.932
2907	618.291
2908	627.014
2909	628.174
2910	638.082
2911	612.1
2912	625.214
2913	622.444
2914	624.314
2915	628.193
2916	619.045
2917	622.358
2918	631.343
2919	629.735
2920	628.465
2921	630.605
2922	627.278
2923	620.195
2924	630.74
2925	633.061
2926	631.072
2927	630.061
2928	637.185
2929	627.424
2930	615.811
2931	619.762
2932	629.206
2933	635.7
2934	628.983
2935	617.343
2936	624.091
2937	624.325
2938	627.906
2939	640.258
2940	638.847
2941	631.766
2942	637.76
2943	632.071
2944	634.392
2945	634.724
2946	629.871
2947	637.481
2948	623.377
2949	627.357
2950	623.264
2951	620.395
2952	624.613
2953	627.885
2954	622.316
2955	626.452
2956	630.366
2957	626.933
2958	621.639
2959	619.214
2960	612.926
2961	617.613
2962	618.603
2963	621.885
2964	628.307
2965	624.216
2966	623.888
2967	628.477
2968	626.905
2969	622.656
2970	610.873
2971	628.328
2972	634.539
2973	627.612
2974	628.107
2975	624.258
2976	634.153
2977	637.025
2978	633.954
2979	618.919
2980	622.442
2981	624.618
2982	622.901
2983	620.493
2984	630.474
2985	629.476
2986	629.673
2987	636.4
2988	626.768
2989	623.824
2990	624.937
2991	616.903
2992	625.928
2993	614.897
2994	621.297
2995	627.859
2996	623.543
2997	628.779
2998	621.918
2999	623.693
3000	620.862
3001	627.071
3002	613.17
3003	628.199
3004	630.554
3005	631.524
3006	629.243
3007	627.582
3008	630.023
3009	629.114
3010	630.485
3011	632.908
3012	619.487
3013	624.213
3014	630.06
3015	626.567
3016	625.419
3017	631.541
3018	626.039
3019	628.522
3020	632.332
3021	622.419
3022	633.195
3023	623.059
3024	622.543
3025	619.693
3026	634.197
3027	627.654
3028	631.437
3029	625.86
3030	623.206
3031	627.797
3032	629.486
3033	633.791
3034	621.71
3035	624.726
3036	620.83
3037	630.119
3038	621.953
3039	616.698
3040	623.19
3041	622.596
3042	623.056
3043	634.439
3044	628.199
3045	632.231
3046	628.557
3047	622.294
3048	627.846
3049	629.97
3050	636.44
3051	631.045
3052	627.279
3053	626.189
3054	622.066
3055	633.081
3056	630.659
3057	623.11
3058	625.406
3059	622.663
3060	616.477
3061	619.772
3062	620.001
3063	625.838
3064	632.173
3065	627.226
3066	624.288
3067	633.989
3068	631.262
3069	628.828
3070	622.409
3071	623.27
3072	616.958
3073	634.338
3074	617.66
3075	612.95
3076	623.738
3077	609.681
3078	620.557
3079	619.062
3080	620.867
3081	628.927
3082	629.682
3083	610.533
3084	623.428
3085	633.345
3086	633.888
3087	629.936
3088	644.653
3089	621.742
3090	621.598
3091	625.92
3092	620.883
3093	626.458
3094	626.237
3095	637.041
3096	639.73
3097	626.767
3098	633.201
3099	620.846
3100	625.832
3101	629.599
3102	625.584
3103	630.012
3104	624.975
3105	622.674
3106	621.189
3107	623.906
3108	634.341
3109	619.868
3110	627.591
3111	627.748
3112	619.788
3113	624.507
3114	616.405
3115	620.445
3116	634.096
3117	617.321
3118	615.351
3119	636.641
3120	628.109
3121	621.725
3122	621.631
3123	620.193
3124	622.846
3125	623.819
3126	626.853
3127	615.275
3128	619.167
3129	617.614
3130	612.018
3131	619.256
3132	623.071
3133	637.736
3134	616.295
3135	627.914
3136	627.006
3137	630.08
3138	624.846
3139	621.861
3140	623.897
3141	621.653
3142	623.28
3143	626.455
3144	622.456
3145	621.654
3146	618.988
3147	631.018
3148	631.771
3149	631
3150	644.525
3151	636.264
3152	631.87
3153	623.467
3154	635.772
3155	636.037
3156	621.916
3157	627.317
3158	620.332
3159	625.098
3160	632.771
3161	631.52
3162	622.576
3163	626.303
3164	626.015
3165	619.878
3166	636.832
3167	607.849
3168	616.168
3169	630.851
3170	622.21
3171	615.983
3172	629.557
3173	629.597
3174	631.388
3175	631.037
3176	620.851
3177	626.548
3178	618.654
3179	627.891
3180	632.572
3181	623.665
3182	633.479
3183	637.838
3184	620.051
3185	620.506
3186	627.04
3187	615.97
3188	637.032
3189	623.595
3190	625.497
3191	610.181
3192	618.961
3193	626.869
3194	625.709
3195	640.133
3196	620.622
3197	621.691
3198	608.252
3199	627.051
3200	643.096
3201	630.35
3202	625.678
3203	626.392
3204	630.226
3205	627.316
3206	628.418
3207	624.09
3208	623.42
3209	639.741
3210	629.836
3211	615.185
3212	626.159
3213	627.806
3214	630.649
3215	639.169
3216	620.014
3217	618.545
3218	624.438
3219	626.155
3220	622.002
3221	617.032
3222	616.639
3223	632.354
3224	629.906
3225	622.176
3226	631.676
3227	631.202
3228	624.444
3229	629.693
3230	634.83
3231	624.216
3232	627.649
3233	629.126
3234	622.979
3235	620.075
3236	623.474
3237	631.567
3238	637.708
3239	633.166
3240	627.613
3241	619.239
3242	624.882
3243	628.499
3244	640.368
3245	623.131
3246	623.935
3247	622.321
3248	616.71
3249	629.079
3250	628.555
3251	627.175
3252	626.377
3253	626.23
3254	612.641
3255	627.699
3256	626.195
3257	627.212
3258	633.541
3259	630.101
3260	628.495
3261	633.129
3262	634.079
3263	633.108
3264	625.881
3265	634.55
3266	621.649
3267	622.897
3268	631.509
3269	619.301
3270	613.605
3271	616.94
3272	619.447
3273	630.409
3274	626.128
3275	618.236
3276	621.989
3277	631.629
3278	617.941
3279	622.908
3280	614.721
3281	622.82
3282	629.972
3283	634.583
3284	623.31
3285	618.228
3286	628.715
3287	633.136
3288	622.606
3289	629.408
3290	647.159
3291	634.294
3292	623.97
3293	630.93
3294	625.075
3295	620.668
3296	629.234
3297	634.748
3298	631.044
3299	628.251
3300	624.96
3301	625.186
3302	628.431
3303	633.833
3304	626.486
3305	619.699
3306	650.073
3307	641.89
3308	623.949
3309	633.569
3310	626.861
3311	632.797
3312	624.089
3313	636.264
3314	626.437
3315	629.855
3316	625.983
3317	606.779
3318	617.192
3319	640.735
3320	629.184
3321	620.914
3322	623.369
3323	621.424
3324	623.386
3325	624.987
3326	632.383
3327	631.489
3328	634.573
3329	633.489
3330	637.002
3331	636.373
3332	637.369
3333	629.249
3334	622.485
3335	628.926
3336	628.617
3337	630.823
3338	633.703
3339	631.041
3340	630.479
3341	629.662
3342	620.11
3343	624.884
3344	624.406
3345	626.248
3346	611.962
3347	629.816
3348	622.506
3349	608.056
3350	614.252
3351	622.782
3352	637.609
3353	632.927
3354	626.969
3355	627.841
3356	627.873
3357	632.328
3358	622.901
3359	632.058
3360	629.421
3361	635.007
3362	613.398
3363	618.181
3364	621.881
3365	627.701
3366	648.335
3367	645.359
3368	639.558
3369	630.205
3370	639.722
3371	628.76
3372	623.477
3373	626.924
3374	637.285
3375	628.608
3376	626.361
3377	586.496
3378	621.74
3379	629.71
3380	611.111
3381	621.652
3382	618.99
3383	610.553
3384	623.753
3385	595.019
3386	627.747
3387	621.779
3388	619.876
3389	626.121
3390	631.56
3391	629.877
3392	634.896
3393	624.421
3394	625.387
3395	623.832
3396	634.037
3397	631.841
3398	627.374
3399	629.123
3400	631.231
3401	634.936
3402	624.991
3403	622.027
3404	623.264
3405	622.924
3406	634.343
3407	624.095
3408	635.751
3409	621.141
3410	621.115
3411	628.821
3412	626.644
3413	628.853
3414	627.802
3415	625.248
3416	627.865
3417	624.41
3418	624.069
3419	624.146
3420	629.136
3421	628.163
3422	615.5
3423	678.319
3424	622.933
3425	629.927
3426	622.363
3427	626.641
3428	622.407
3429	632.412
3430	628.962
3431	617.268
3432	630.506
3433	624.216
3434	633.787
3435	631.715
3436	611.967
3437	628.045
3438	631.271
3439	627.469
3440	625.211
3441	621.181
3442	635.633
3443	625.108
3444	627.863
3445	635.786
3446	623.553
3447	628.66
3448	626.988
3449	627.045
3450	627.857
3451	621.382
3452	629.778
3453	629.349
3454	632.602
3455	635.9
3456	637.226
3457	612.593
3458	625.434
3459	627.015
3460	634.566
3461	636.834
3462	625.011
3463	631.365
3464	626.581
3465	626.984
3466	611.107
3467	620.12
3468	627.638
3469	625.548
3470	632.606
3471	629.425
3472	621.532
3473	620.337
3474	619.305
3475	625.196
3476	631.369
3477	631.406
3478	623.545
3479	636.91
3480	639.834
3481	634.1
3482	620.728
3483	625.058
3484	626.103
3485	617.06
3486	634.778
3487	636.463
3488	632.008
3489	625.091
3490	633.866
3491	619.499
3492	623.983
3493	634.296
3494	618.259
3495	619.324
3496	625.107
3497	628.978
3498	606.917
3499	624.455
3500	638.939
3501	623.088
3502	622.995
3503	622.695
3504	624.018
3505	620.027
3506	633.356
3507	620.408
3508	616.767
3509	619.811
3510	614.954
3511	625.678
3512	629.037
3513	628.412
3514	630.005
3515	625.418
3516	626.403
3517	630.874
3518	622.102
3519	608.354
3520	627.794
3521	623.694
3522	630.18
3523	625.261
3524	622.343
3525	623.468
3526	622.185
3527	623.901
3528	627.455
3529	634.906
3530	642.013
3531	636.023
3532	620.358
3533	625.414
3534	632.309
3535	633.073
3536	627.193
3537	620.294
3538	625.202
3539	628.699
3540	629.537
3541	639.138
3542	629.542
3543	638.096
3544	633.323
3545	629.095
3546	637.008
3547	628.879
3548	621.434
3549	627.571
3550	617.602
3551	615.757
3552	620.429
3553	634.785
3554	635.861
3555	630.247
3556	630.469
3557	622.285
3558	620.25
3559	625.275
3560	619.827
3561	630.932
3562	620.851
3563	632.468
3564	640.675
3565	632.3
3566	627.798
3567	630.108
3568	627.119
3569	629.302
3570	634.216
3571	636.969
3572	629.272
3573	619.65
3574	623.057
3575	617.75
3576	631.13
3577	618.916
3578	614.38
3579	631.687
3580	617.664
3581	627.517
3582	635.321
3583	624.78
3584	629.67
3585	625.259
3586	628.938
3587	628.043
3588	619.663
3589	617.413
3590	610.229
3591	628.903
3592	629.349
3593	617.932
3594	632.427
3595	616.179
3596	628.823
3597	628.723
3598	634.768
3599	634.031
3600	637.949
3601	634.924
3602	629.114
3603	635.004
3604	621.22
3605	630.052
3606	620.848
3607	627.074
3608	626.99
3609	623.458
3610	620.533
3611	619.935
3612	620.222
3613	617.448
3614	619.642
3615	620.35
3616	621.876
3617	621.087
3618	621.779
3619	618.091
3620	630.252
3621	618.177
3622	635.673
3623	630.654
3624	618.561
3625	623.61
3626	617.621
3627	623.39
3628	636.411
3629	610.582
3630	613.424
3631	630.551
3632	635.626
3633	628.449
3634	633.618
3635	630.748
3636	634.976
3637	629.965
3638	626.573
3639	625.702
3640	619.536
3641	623.534
3642	623.911
3643	629.603
3644	602.333
3645	622.241
3646	616.187
3647	606.702
3648	631.523
3649	626.037
3650	633.363
3651	617.009
3652	615.909
3653	631.919
3654	619.474
3655	629.863
3656	632.538
3657	627.532
3658	619.682
3659	624.983
3660	623.004
3661	636.485
3662	627.393
3663	625.693
3664	622.064
3665	631.671
3666	626.67
3667	627.016
3668	622.557
3669	624.775
3670	629.355
3671	628.79
3672	631.247
3673	631.948
3674	624.089
3675	624.058
3676	633.186
3677	628.516
3678	622.362
3679	612.746
3680	628.724
3681	655.353
3682	632.842
3683	628.317
3684	626.984
3685	624.723
3686	630.565
3687	625.463
3688	622.3
3689	625.289
3690	629.745
3691	613.661
3692	621.092
3693	637.503
3694	618.3
3695	625.291
3696	621.987
3697	627.04
3698	632.108
3699	625.667
3700	629.067
3701	638.671
3702	638.576
3703	632.877
3704	631.161
3705	629.541
3706	618.605
3707	623.201
3708	623.483
3709	627.741
3710	634.419
3711	625.96
3712	613.105
3713	633.019
3714	624.283
3715	615.613
3716	626.554
3717	612.811
3718	636.383
3719	632.937
3720	621.193
3721	629.372
3722	627.026
3723	620.781
3724	624.534
3725	632.396
3726	637.61
3727	624.106
3728	628.389
3729	623.794
3730	613.199
3731	618.168
3732	620.398
3733	620.006
3734	617.474
3735	618.002
3736	631.319
3737	623.296
3738	631.215
3739	626.91
3740	617.929
3741	621.074
3742	632.415
3743	623.33
3744	620.545
3745	625.221
3746	625.788
3747	629.626
3748	617.534
3749	624.252
3750	630.891
3751	626.464
3752	632.801
3753	622.558
3754	624.472
3755	620.826
3756	619.099
3757	630.434
3758	628.503
3759	621.374
3760	622.026
3761	616.198
3762	626.282
3763	630.629
3764	628.147
3765	627.937
3766	625.648
3767	627.655
3768	629.491
3769	624.004
3770	629.704
3771	620.899
3772	632.671
3773	628.899
3774	617.766
3775	616.391
3776	627.419
3777	630.864
3778	621.556
3779	624.501
3780	623.9
3781	624.602
3782	627.991
3783	632.897
3784	621.285
3785	612.058
3786	620.125
3787	622.352
3788	624.269
3789	623.264
3790	627.371
3791	619.625
3792	630.915
3793	631.108
3794	642.194
3795	617.448
3796	615.3
3797	627.709
3798	611.471
3799	620.634
3800	623.459
3801	620.779
3802	629.695
3803	636.391
3804	627.021
3805	625.729
3806	631.215
3807	637.008
3808	626.373
3809	617.352
3810	621.468
3811	627.186
3812	633.789
3813	634.24
3814	637.202
3815	623.623
3816	621.045
3817	635.624
3818	646.883
3819	637.754
3820	599.7
3821	594.811
3822	619.643
3823	625.533
3824	628.596
3825	629.255
3826	611.902
3827	620.965
3828	620.889
3829	612.347
3830	627.311
3831	626.336
3832	624.32
3833	628.125
3834	612.784
3835	625.415
3836	623.871
3837	622.588
3838	623.656
3839	623.078
3840	634.63
3841	627.389
3842	619.108
3843	627.052
3844	617.228
3845	629.803
3846	617.434
3847	634.743
3848	631.623
3849	629.409
3850	624.615
3851	632.987
3852	629.779
3853	613.695
3854	622.446
3855	619.538
3856	617.586
3857	632.435
3858	623.137
3859	621.66
3860	628.148
3861	628.179
3862	640.019
3863	621.723
3864	616.511
3865	618.356
3866	626.991
3867	633.259
3868	638.994
3869	633.466
3870	625.89
3871	626.273
3872	627.656
3873	615.89
3874	620.122
3875	612.139
3876	636.009
3877	628.65
3878	630.933
3879	633.474
3880	642.639
3881	625.003
3882	629.966
3883	634.408
3884	633.701
3885	632.594
3886	598.055
3887	622.063
3888	614.714
3889	632.424
3890	624.132
3891	624.223
3892	634.315
3893	630.783
3894	636.014
3895	631.307
3896	627.971
3897	633.652
3898	627.024
3899	616.894
3900	617.316
3901	619.095
3902	634.854
3903	632.972
3904	608.847
3905	629.704
3906	631.016
3907	626.873
3908	615.577
3909	620.841
3910	630.555
3911	628.344
3912	627.447
3913	627.618
3914	620.01
3915	627.636
3916	629.948
3917	627.265
3918	634.809
3919	636.162
3920	625.61
3921	634.074
3922	616.268
3923	615.364
3924	613.105
3925	615.464
3926	616.605
3927	625.938
3928	584.164
3929	621.799
3930	616.66
3931	619.215
3932	620.223
3933	628.349
3934	624.924
3935	623.455
3936	628.678
3937	612.667
3938	636.141
3939	635.26
3940	631.945
3941	635.913
3942	616.779
3943	624.33
3944	624.482
3945	616.406
3946	624.154
3947	624.447
3948	629.621
3949	625.704
3950	619.126
3951	632.827
3952	635.711
3953	636.206
3954	628.777
3955	630.661
3956	627.274
3957	621.658
3958	629.98
3959	616.587
3960	613.494
3961	620.946
3962	626.942
3963	633.369
3964	622.04
3965	632.463
3966	634.799
3967	623.088
3968	621.557
3969	620.689
3970	627.045
3971	625.72
3972	617.776
3973	609.769
3974	626.686
3975	620.915
3976	622.489
3977	625.065
3978	635.83
3979	620.708
3980	626.378
3981	628.739
3982	617.525
3983	572.877
3984	627.241
3985	608.746
3986	622.517
3987	624.829
3988	612.278
3989	620.304
3990	611.753
3991	626.775
3992	633.723
3993	617.805
3994	633.69
3995	630.248
3996	618.255
3997	620.364
