1	409.091
2	395.943
3	581.757
4	697.641
5	708.152
6	253.068
7	508.374
8	382.932
9	666.559
10	585.914
11	574.558
12	453.313
13	204.392
14	552.086
15	425.661
16	690.734
17	405.814
18	537.632
19	480.15
20	513.385
21	373.412
22	518.15
23	539.667
24	420.181
25	525.95
26	420.732
27	336.412
28	594.657
29	579.916
30	338.085
31	348.607
32	361.437
33	264.71
34	299.838
35	523.368
36	453.953
37	534.456
38	544.026
39	409.923
40	479.522
41	534.243
42	297.058
43	605.374
44	291.759
45	392.737
46	331.698
47	356.627
48	541.22
49	510.408
50	763.738
51	867.904
52	454.519
53	441.659
54	592.273
55	446.242
56	435.706
57	496.045
58	284.676
59	380.624
60	490.111
61	451.125
62	595.985
63	514.085
64	431.628
65	800.031
66	427.191
67	490.183
68	432.241
69	443.904
70	392.941
71	401.725
72	419.178
73	383.557
74	689.121
75	584.449
76	466.992
77	431.461
78	552.909
79	397.232
80	479.247
81	631.348
82	391.787
83	417.948
84	241.171
85	213.997
86	571.08
87	424.336
88	475.184
89	764.381
90	452.87
91	400.771
92	499.207
93	614.07
94	580.477
95	532.995
96	494.911
97	405.895
98	322.584
99	258.593
100	411.455
101	560.071
102	526.5
103	284.921
104	433.795
105	451.062
106	374.063
107	419.601
108	510.187
109	524.075
110	388.951
111	460.054
112	395.24
113	388.602
114	319.266
115	332.783
116	515.966
117	412.287
118	414.708
119	506.49
120	650.071
121	535.532
122	490.792
123	262.637
124	-316.966
125	531.994
126	445.869
127	379.956
128	457.519
129	447.399
130	510.464
131	594.616
132	583.517
133	572.746
134	489.228
135	576.135
136	434.771
137	415.825
138	394.618
139	485.496
140	374.925
141	381.955
142	360.711
143	332.928
144	484.666
145	843.232
146	309.163
147	535.776
148	528.488
149	544.708
150	504.874
151	451.931
152	444.597
153	363.027
154	570.366
155	715.659
156	594.588
157	390.036
158	414.869
159	419.989
160	425.092
161	524.013
162	597.935
163	723.66
164	471.826
165	277.057
166	568.043
167	522.537
168	519.409
169	396.554
170	418.625
171	501.397
172	527.174
173	502.068
174	490.861
175	1178.59
176	681.738
177	456.09
178	654.344
179	639.637
180	521.656
181	558.339
182	881.895
183	615.883
184	551.193
185	618.688
186	386.014
187	550.667
188	683.67
189	753.302
190	412.005
191	485.26
192	635.33
193	728.63
194	435.651
195	457.979
196	393.867
197	369.659
198	369.619
199	527.987
200	267.162
201	470.424
202	482.389
203	402.407
204	269.534
205	542.242
206	403.224
207	515.967
208	526.48
209	512.617
210	276.727
211	788.522
212	488.113
213	543.263
214	417.884
215	614.701
216	512.822
217	491.221
218	427.668
219	365.064
220	258.919
221	321.964
222	441.069
223	315.333
224	646.756
225	602.145
226	556.006
227	592.093
228	598.264
229	679.743
230	921.282
231	672.395
232	260.462
233	408.596
234	757.531
235	679.86
236	209.191
237	452.526
238	471.89
239	406.774
240	849.442
241	682.292
242	590.494
243	356.968
244	274.337
245	328.302
246	371.168
247	641.594
248	257.682
249	715.704
250	434.242
251	280.145
252	300.021
253	400.107
254	323.559
255	517.579
256	260.73
257	532.746
258	668.38
259	707.548
260	606.92
261	545.251
262	448.768
263	415.462
264	480.843
265	559.145
266	237.247
267	710.497
268	798.393
269	630.924
270	374.107
271	345.522
272	588.843
273	570.65
274	694.661
275	561.188
276	720.743
277	471.461
278	415.129
279	281.725
280	251.834
281	312.567
282	570.427
283	475.469
284	566.215
285	460.849
286	646.897
287	635.624
288	369.534
289	381.695
290	480.222
291	422.546
292	477.589
293	399.016
294	289.218
295	473.823
296	352.589
297	556.518
298	696.517
299	649.252
300	530.519
301	388.115
302	374.424
303	505.422
304	531.376
305	501.815
306	396.613
307	625.326
308	677.651
309	628.97
310	318.972
311	400.181
312	644.753
313	448.84
314	310.954
315	362.177
316	497.71
317	432.759
318	345.83
319	854.777
320	719.766
321	506.385
322	733.244
323	298.478
324	379.577
325	533.969
326	636.547
327	556.764
328	461.607
329	469.821
330	308.216
331	458.276
332	568.088
333	417.9
334	394.828
335	455.367
336	388.246
337	410.394
338	546.306
339	846.535
340	489.509
341	554.617
342	426.697
343	556.868
344	337.388
345	465.525
346	606.651
347	455.389
348	576.94
349	544.116
350	565.104
351	325.222
352	508.923
353	678.988
354	450.95
355	686.658
356	529.21
357	606.62
358	403.687
359	313.495
360	434.927
361	451.877
362	452.064
363	441.707
364	554.868
365	461.831
366	486.767
367	465.159
368	241.207
369	371.623
370	401.657
371	428.05
372	752.661
373	316.097
374	495.687
375	395.842
376	582.311
377	714.002
378	578.45
379	463.669
380	394.249
381	614.065
382	587.82
383	806.638
384	606.708
385	524.881
386	396.908
387	451.331
388	624.773
389	634.035
390	617.108
391	442.771
392	546.195
393	421.456
394	599.446
395	373.705
396	388.002
397	308.723
398	251.538
399	480.363
400	520.457
401	334.572
402	441.182
403	485.948
404	677.846
405	309.361
406	566.171
407	440.442
408	387.448
409	367.09
410	602.685
411	427.161
412	528.733
413	453.75
414	529.696
415	353.23
416	641.496
417	585.589
418	411.793
419	358.661
420	513.333
421	757.69
422	506.112
423	309.961
424	417.529
425	295.389
426	279.914
427	707.449
428	592.181
429	510.484
430	584.597
431	580.112
432	543.718
433	434.048
434	437.202
435	424.596
436	616.158
437	748.622
438	724.494
439	712.382
440	500.647
441	446.915
442	341.142
443	317.09
444	450.728
445	261.003
446	484.722
447	406.625
448	388.341
449	355.778
450	516.663
451	441.036
452	516.892
453	610.374
454	730.219
455	681.215
456	719.08
457	985.35
458	705.465
459	451.212
460	575.21
461	319.533
462	470.27
463	1166.5
464	926.584
465	508.385
466	600.526
467	510.065
468	509.309
469	435.26
470	271.153
471	693.083
472	542.677
473	501.467
474	672.645
475	773.377
476	672.299
477	767.816
478	490.34
479	368.37
480	442.495
481	622.796
482	562.549
483	335.436
484	516.575
485	365.874
486	387.245
487	557.061
488	690.351
489	712.259
490	554.075
491	440.669
492	497.606
493	522.299
494	562.888
495	310.026
496	729.78
497	506.86
498	340.947
499	477.974
500	324.917
501	522.437
502	357.501
503	315.73
504	529.834
505	559.118
506	457.558
507	472.283
508	316.786
509	418.779
510	531.932
511	593.434
512	316.543
513	299.753
514	530.96
515	577.85
516	407.481
517	379.719
518	444.133
519	689.011
520	658.36
521	372.318
522	467.776
523	485.599
524	470.85
525	629.855
526	334.256
527	783.05
528	476.034
529	541.692
530	354.01
531	467.794
532	514.186
533	674.039
534	749.71
535	530.056
536	411.229
537	382.502
538	581.926
539	687.475
540	411.682
541	370.027
542	294.649
543	353.5
544	431.083
545	521.442
546	571.838
547	436.987
548	568.913
549	688.474
550	604.211
551	560.22
552	574.372
553	414.486
554	497.642
555	506.289
556	462.161
557	252.54
558	349.362
559	415.677
560	463.575
561	663.674
562	707.564
563	713.639
564	401.67
565	303.642
566	375.945
567	377.409
568	320.067
569	380.708
570	60.4581
571	705.478
572	533.57
573	754.786
574	557.206
575	480.394
576	318.728
577	377.163
578	553.69
579	733.016
580	615.822
581	482.424
582	473.506
583	580.581
584	786.153
585	902.524
586	460.281
587	562.363
588	473.346
589	862.235
590	648.837
591	341.912
592	429.401
593	558.066
594	407.829
595	392.774
596	298.614
597	531.307
598	559.523
599	573.374
600	392.763
601	578.194
602	283.95
603	399.532
604	848.543
605	485.084
606	484.31
607	597.021
608	681.98
609	308.95
610	304.498
611	438.076
612	423.673
613	612.044
614	579.083
615	713.95
616	724.106
617	644.999
618	413.844
619	458.241
620	417.525
621	617.724
622	627.067
623	575.416
624	634.296
625	296.115
626	351.535
627	498.316
628	378.78
629	561.372
630	615.923
631	479.015
632	662.854
633	504.769
634	401.497
635	697.749
636	623.776
637	509.712
638	397.644
639	644.659
640	534.789
641	447.122
642	573.397
643	548.873
644	378.572
645	293.337
646	336.704
647	432.839
648	503.751
649	417.748
650	500.893
651	300.979
652	350.663
653	405.265
654	373.035
655	658.531
656	491.967
657	435.06
658	440.226
659	479.278
660	235.029
661	539.307
662	306.483
663	526.242
664	567.208
665	804.304
666	437.91
667	531.14
668	392.242
669	361.948
670	283.399
671	729.551
672	609.025
673	683.767
674	566.276
675	367.319
676	389.153
677	563.245
678	739.278
679	705.889
680	402.344
681	325.165
682	652.238
683	421.178
684	649.335
685	573.147
686	964.275
687	594.62
688	582.421
689	471.822
690	738.959
691	481.619
692	659.009
693	672.801
694	423.697
695	728.114
696	610.711
697	567.701
698	469.969
699	667.919
700	383.732
701	649.346
702	485.19
703	672.787
704	650.402
705	570.782
706	584.903
707	489.407
708	742.749
709	433.801
710	310.347
711	572.924
712	617.023
713	1005.01
714	919.35
715	502.772
716	452.609
717	277.047
718	466.307
719	573.185
720	506.546
721	415.28
722	394.199
723	305.136
724	648.088
725	327.46
726	520.246
727	420.199
728	533.7
729	390.274
730	421.767
731	502.44
732	555.374
733	676.715
734	412.864
735	569.17
736	503.992
737	-559.313
738	352.238
739	391.774
740	440.851
741	548.999
742	614.995
743	316.847
744	658.707
745	578.481
746	313.425
747	431.591
748	506.483
749	351.805
750	447.812
751	601.963
752	1131.38
753	509.458
754	645.201
755	335.483
756	658.707
757	329.64
758	334.672
759	460.044
760	484.931
761	537.398
762	504.947
763	603.249
764	797.765
765	439.166
766	526.369
767	488.948
768	572.52
769	523.087
770	530.006
771	523.133
772	309.191
773	554.202
774	506.241
775	617.403
776	527.08
777	554.794
778	455.75
779	637.13
780	556.679
781	375.675
782	425.921
783	379.203
784	567.589
785	507.23
786	571.402
787	594.258
788	406.053
789	602.532
790	473.921
791	649.984
792	465.646
793	394.955
794	507.657
795	309.689
796	567.372
797	418.937
798	381.963
799	503.767
800	-127.836
801	760.935
802	384.304
803	293.567
804	614.219
805	478.873
806	636.145
807	836.56
808	515.707
809	534.261
810	401.506
811	411.436
812	455.805
813	269.271
814	334.145
815	384.794
816	599.502
817	326.053
818	394.161
819	405.807
820	708.877
821	635.243
822	716.845
823	646.286
824	446.557
825	537.695
826	547.89
827	442.873
828	435.627
829	600.934
830	450.257
831	295.101
832	364.023
833	821.233
834	563.067
835	489.283
836	282.774
837	270.434
838	248.224
839	268.458
840	315.142
841	402.192
842	524.785
843	493.071
844	548.882
845	554.397
846	492.586
847	528.782
848	495.508
849	699.386
850	772.622
851	697.261
852	660.645
853	606.812
854	362.383
855	480.206
856	422.14
857	436.646
858	491.602
859	453.522
860	841.737
861	821.198
862	528.659
863	307.691
864	563.712
865	665.778
866	479.247
867	569.716
868	547.371
869	513.424
870	701.257
871	563.848
872	544.497
873	490.775
874	479.863
875	416.317
876	246.827
877	438.737
878	551.224
879	596.656
880	397.707
881	471.557
882	399.506
883	653.836
884	631.875
885	659.791
886	535.736
887	545.458
888	624.202
889	526.064
890	571.155
891	523.485
892	366.716
893	333.12
894	309.901
895	537.752
896	597.18
897	401.709
898	670.071
899	641.748
900	376.51
901	536.9
902	461.944
903	755.623
904	596.975
905	799.996
906	658.588
907	859.365
908	402.805
909	399.964
910	568.306
911	490.624
912	694.279
913	372.497
914	527.552
915	922.025
916	546.113
917	664.721
918	303.253
919	328.916
920	435.184
921	495.591
922	729.292
923	412.287
924	746.496
925	486.57
926	471.61
927	632.782
928	295.611
929	499.028
930	526.102
931	538.351
932	479.483
933	353.341
934	353.032
935	354.983
936	578.205
937	587.068
938	723.3
939	526.591
940	253.747
941	304.609
942	358.202
943	330.296
944	521.197
945	504.254
946	434.284
947	627.225
948	593.3
949	497.813
950	509.13
951	538.764
952	274.449
953	587.96
954	246.359
955	303.41
956	611.985
957	808.181
958	624.905
959	525.328
960	515.485
961	397.444
962	456.482
963	815.371
964	498.565
965	451.148
966	425.837
967	510.268
968	469.029
969	628.311
970	668.524
971	727.343
972	442.099
973	447.494
974	362.299
975	451.295
976	550.827
977	620.292
978	605.673
979	640.207
980	546.913
981	462.985
982	322.715
983	400.563
984	418.782
985	359.312
986	439.899
987	546.275
988	627.324
989	737.355
990	488.588
991	550.833
992	535.714
993	514.555
994	411.554
995	330.529
996	221.808
997	235.569
998	585.891
999	273.068
1000	345.418
1001	464.214
1002	652.459
1003	484.533
1004	871.025
1005	444.694
1006	576.195
1007	454.824
1008	369.353
1009	459.588
1010	612.697
1011	690.23
1012	446.252
1013	639.665
1014	478.248
1015	450.774
1016	666.982
1017	625.937
1018	586.75
1019	305.047
1020	417.854
1021	356.211
1022	300.554
1023	451.179
1024	678.91
1025	371.092
1026	440.617
1027	743.215
1028	548.655
1029	525.552
1030	762.899
1031	620.045
1032	630.293
1033	388.401
1034	351.807
1035	297.452
1036	453.712
1037	667.185
1038	627.304
1039	505.428
1040	749.964
1041	658.233
1042	466.521
1043	462
1044	584.378
1045	481.499
1046	395.285
1047	772.201
1048	494.302
1049	563.388
1050	485.25
1051	456.263
1052	445.571
1053	608.24
1054	337.66
1055	379.23
1056	671.457
1057	457.227
1058	560.28
1059	520.015
1060	486.392
1061	665.353
1062	509.096
1063	822.167
1064	664.269
1065	583.823
1066	494.124
1067	360.693
1068	495.173
1069	540.606
1070	242.552
1071	329.905
1072	238.188
1073	576.176
1074	822.419
1075	496.927
1076	343.183
1077	364.373
1078	730.618
1079	811.834
1080	545.193
1081	455.34
1082	321.944
1083	557.071
1084	636.586
1085	618.117
1086	376.746
1087	533.971
1088	606.749
1089	607.024
1090	460.038
1091	615.106
1092	529.281
1093	417.08
1094	472.933
1095	366.567
1096	660.46
1097	449.682
1098	805.339
1099	609.23
1100	472.082
1101	381.014
1102	574.022
1103	495.9
1104	347.264
1105	253.391
1106	519.987
1107	576.524
1108	417.534
1109	654.405
1110	431.016
1111	440.65
1112	305.08
1113	365.118
1114	432.645
1115	415.899
1116	229.465
1117	386.058
1118	413.78
1119	487.61
1120	632.487
1121	451.965
1122	342.077
1123	475.582
1124	253.312
1125	661.516
1126	750.641
1127	516.116
1128	515.218
1129	518.023
1130	499.02
1131	456.913
1132	591.876
1133	458.62
1134	389.066
1135	742.156
1136	723.826
1137	684.44
1138	576.529
1139	977.488
1140	632.625
1141	448.457
1142	404.251
1143	429.006
1144	312.738
1145	500.522
1146	662.592
1147	583.311
1148	414.328
1149	508.609
1150	673.594
1151	614.364
1152	228.486
1153	917.101
1154	706.494
1155	692.865
1156	804.491
1157	513.753
1158	397.119
1159	559.138
1160	489.075
1161	513.349
1162	639.578
1163	600.715
1164	550.09
1165	561.012
1166	438.368
1167	676.777
1168	364.144
1169	384.824
1170	393.985
1171	402.527
1172	591.126
1173	506.553
1174	968.757
1175	361.932
1176	521.018
1177	520.155
1178	457.493
1179	566.99
1180	605.898
1181	481.301
1182	479.973
1183	368.516
1184	566.328
1185	689.129
1186	768.461
1187	809.41
1188	779.095
1189	570.379
1190	385.582
1191	325.122
1192	437.351
1193	258.096
1194	457.952
1195	272.97
1196	202.147
1197	161.01
1198	635.34
1199	535.346
1200	630.701
1201	594.337
1202	752.928
1203	551.2
1204	282.545
1205	499.641
1206	413.575
1207	468.164
1208	573.853
1209	494.055
1210	477.687
1211	401.818
1212	479.184
1213	329.279
1214	395.945
1215	621.924
1216	463.977
1217	715.608
1218	783.215
1219	820.972
1220	600.451
1221	489.152
1222	585.569
1223	542.286
1224	318.215
1225	504.903
1226	634.226
1227	613.925
1228	492.54
1229	360.448
1230	522.142
1231	451.767
1232	428.648
1233	509.742
1234	358.008
1235	334.816
1236	575.764
1237	537.052
1238	724.588
1239	623.4
1240	395.223
1241	499.934
1242	307.301
1243	548.219
1244	787.171
1245	615.77
1246	494.492
1247	498.053
1248	426.092
1249	630.502
1250	575.411
1251	797.793
1252	796.626
1253	795.249
1254	782.56
1255	372.872
1256	604.386
1257	514.841
1258	425.979
1259	604.616
1260	945.143
1261	210.099
1262	201.403
1263	323.454
1264	309.718
1265	543.818
1266	395.614
1267	395.9
1268	454.696
1269	408.656
1270	607.01
1271	523.018
1272	364.367
1273	414.661
1274	1056.22
1275	549.5
1276	558.052
1277	498.387
1278	387.131
1279	388.992
1280	588.365
1281	620.681
1282	501.878
1283	405.58
1284	425.445
1285	283.404
1286	459.38
1287	540.586
1288	509.787
1289	485.864
1290	336.909
1291	349.763
1292	390.979
1293	405.414
1294	668.528
1295	578.945
1296	387.752
1297	841.319
1298	802.721
1299	764.674
1300	667.955
1301	477.333
1302	443.148
1303	637.795
1304	420.364
1305	496.833
1306	560.295
1307	680.073
1308	669.299
1309	647.57
1310	483.693
1311	821.037
1312	505.499
1313	588.586
1314	570.936
1315	610.79
1316	544.222
1317	501.759
1318	357.174
1319	361.458
1320	242.532
1321	492.025
1322	561.903
1323	535.27
1324	553.87
1325	604.976
1326	560.133
1327	517.02
1328	373.41
1329	543.652
1330	470.752
1331	420.792
1332	636.081
1333	641.436
1334	444.462
1335	581.271
1336	651.211
1337	738.969
1338	429.532
1339	228.328
1340	297.47
1341	595.536
1342	556.973
1343	510.792
1344	516.304
1345	395.757
1346	383.85
1347	218.439
1348	237.738
1349	456.66
1350	392.451
1351	604.481
1352	394.117
1353	432.81
1354	400.934
1355	461.683
1356	189.926
1357	247.366
1358	428.63
1359	818.648
1360	695.268
1361	751.632
1362	423.854
1363	555.384
1364	275.44
1365	301.735
1366	641.45
1367	700.318
1368	628.629
1369	587.178
1370	772.262
1371	423.35
1372	417.438
1373	453.447
1374	497.681
1375	700.513
1376	475.214
1377	392.503
1378	352.333
1379	527.198
1380	648.87
1381	685.75
1382	556.09
1383	280.62
1384	690.826
1385	794.558
1386	554.232
1387	321.687
1388	563.163
1389	705.892
1390	471.518
1391	268.655
1392	304.995
1393	437.013
1394	409.968
1395	683.964
1396	587.927
1397	548.817
1398	406.554
1399	568.882
1400	443.836
1401	516.383
1402	386.925
1403	642.653
1404	538.356
1405	807.259
1406	679.191
1407	388.637
1408	392.224
1409	606.747
1410	551.033
1411	651.332
1412	386.416
1413	496.202
1414	523.845
1415	359.05
1416	476.522
1417	410.383
1418	373.683
1419	509.783
1420	596.905
1421	470.171
1422	513.246
1423	563.919
1424	556.707
1425	305.122
1426	622.447
1427	486.243
1428	684.438
1429	397.52
1430	359.8
1431	606.634
1432	527.041
1433	427.908
1434	499.789
1435	657.997
1436	540.895
1437	502.38
1438	995.953
1439	802.94
1440	636.642
1441	737.457
1442	531.311
1443	340.859
1444	540.494
1445	424.478
1446	420.715
1447	512.458
1448	438.625
1449	709.265
1450	416.558
1451	319.818
1452	504.729
1453	439.528
1454	810.361
1455	256.115
1456	288.691
1457	185.618
1458	715.431
1459	386.298
1460	783.093
1461	635.397
1462	514.822
1463	759.885
1464	748.913
1465	573.4
1466	745.358
1467	612.941
1468	480.336
1469	503.853
1470	443.618
1471	522.975
1472	484.249
1473	494.08
1474	454.889
1475	503.061
1476	563.069
1477	602.094
1478	548.913
1479	757.371
1480	633.085
1481	616.36
1482	704.43
1483	458.952
1484	355.422
1485	300.25
1486	468.372
1487	655.845
1488	17.6104
1489	592.318
1490	430.875
1491	503.408
1492	768.147
1493	397.61
1494	483.471
1495	250.169
1496	620.184
1497	560.239
1498	660.528
1499	444.681
1500	377.509
1501	665.696
1502	857.946
1503	669.602
1504	461.833
1505	521.488
1506	478.774
1507	354.852
1508	311.608
1509	474.81
1510	546.913
1511	1004.67
1512	444.561
1513	641.014
1514	446.826
1515	701.485
1516	477.683
1517	615.382
1518	681.358
1519	342.458
1520	806.564
1521	663.535
1522	802.903
1523	527.372
1524	489.186
1525	591.759
1526	607.8
1527	245.155
1528	311.719
1529	424.671
1530	535.552
1531	264.058
1532	515.394
1533	662.464
1534	376.017
1535	281.84
1536	394.065
1537	550.488
1538	518.795
1539	369.628
1540	727.839
1541	367.748
1542	481.223
1543	501.947
1544	405.143
1545	270.978
1546	435.738
1547	424.803
1548	404.188
1549	261.8
1550	365.089
1551	617.825
1552	472.497
1553	539.567
1554	665.458
1555	560.168
1556	318.748
1557	547.409
1558	442.687
1559	498.216
1560	456.339
1561	407.808
1562	614.483
1563	653.597
1564	359.136
1565	476.296
1566	470.02
1567	466.816
1568	444.867
1569	260.487
1570	542.224
1571	441.503
1572	722.891
1573	416.963
1574	283.647
1575	521.826
1576	459.665
1577	519.699
1578	510.61
1579	613.763
1580	587.133
1581	502.591
1582	719.275
1583	770.559
1584	692.159
1585	455.211
1586	699.786
1587	673.265
1588	653.034
1589	444.38
1590	380.357
1591	713.648
1592	633.075
1593	689.969
1594	621.426
1595	510.407
1596	492.045
1597	501.907
1598	438.223
1599	442.662
1600	381.862
1601	333.617
1602	316.518
1603	674.332
1604	642.111
1605	475.4
1606	402.026
1607	385.954
1608	503.766
1609	386.055
1610	420.357
1611	349.828
1612	465.543
1613	765.061
1614	538.321
1615	600.636
1616	627.089
1617	510.573
1618	420.499
1619	423.255
1620	399.55
1621	447.697
1622	361.685
1623	504.945
1624	540.252
1625	550.652
1626	502.015
1627	683.764
1628	541.946
1629	428.926
1630	630.68
1631	564.291
1632	806.808
1633	771.64
1634	623.044
1635	411.237
1636	765.87
1637	398.23
1638	593.808
1639	416.658
1640	362.092
1641	586.589
1642	654.652
1643	318.121
1644	349.299
1645	450.381
1646	495.92
1647	638.374
1648	706.738
1649	765.829
1650	422.929
1651	520.712
1652	386.038
1653	411.079
1654	512.745
1655	456.038
1656	538.186
1657	693.977
1658	601.594
1659	457.85
1660	34.3854
1661	514.783
1662	520.063
1663	478.106
1664	566.984
1665	547.818
1666	415.026
1667	707.729
1668	326.363
1669	481.869
1670	475.616
1671	372.283
1672	326.624
1673	276.591
1674	399.554
1675	546.482
1676	554.17
1677	465.288
1678	339.772
1679	533.376
1680	437.095
1681	454.138
1682	592.826
1683	527.752
1684	681.827
1685	863.559
1686	473.334
1687	623.086
1688	566.325
1689	467.183
1690	497.471
1691	389.131
1692	807.769
1693	399.309
1694	381.952
1695	751.306
1696	434.004
1697	437.043
1698	441.104
1699	443.388
1700	418.88
1701	585.998
1702	357.505
1703	285.727
1704	235.649
1705	477.995
1706	435.464
1707	487.965
1708	466.648
1709	376.442
1710	708.782
1711	537.093
1712	486.22
1713	471.768
1714	558.552
1715	650.977
1716	369.564
1717	501.17
1718	346.859
1719	676.156
1720	629.924
1721	403.816
1722	368.742
1723	556.536
1724	756.661
1725	551.779
1726	400.708
1727	586.267
1728	699.536
1729	362.826
1730	513.531
1731	530.558
1732	546.129
1733	357.766
1734	433.411
1735	420.582
1736	254.756
1737	869.345
1738	779.336
1739	560.365
1740	414.264
1741	371.592
1742	466.172
1743	347.168
1744	626.04
1745	339.106
1746	307.329
1747	374.852
1748	485.162
1749	367.66
1750	320.197
1751	595.414
1752	514.836
1753	445.979
1754	522.196
1755	457.341
1756	512.479
1757	390.956
1758	378.864
1759	390.59
1760	442.056
1761	876.616
1762	410.248
1763	519.321
1764	509.788
1765	509.604
1766	380.6
1767	477.802
1768	427.902
1769	520.78
1770	374.162
1771	337.801
1772	513.931
1773	331.406
1774	380.77
1775	540.006
1776	704.249
1777	713
1778	-30.3012
1779	386.728
1780	111.357
1781	194.864
1782	457.738
1783	557.137
1784	481.608
1785	366.726
1786	609.004
1787	423.242
1788	317.778
1789	645.004
1790	481.45
1791	450.998
1792	506.905
1793	669.924
1794	828.634
1795	734.047
1796	900.215
1797	731.391
1798	609.396
1799	700.197
1800	717.757
1801	608.966
1802	624.823
1803	572.168
1804	445.899
1805	411.567
1806	521.178
1807	520.16
1808	272.246
1809	426.514
1810	629.689
1811	566.09
1812	555.045
1813	481.81
1814	478.149
1815	322.153
1816	511.587
1817	547.4
1818	564.045
1819	811.262
1820	517.082
1821	450.536
1822	442.905
1823	637.042
1824	373.027
1825	557.231
1826	310.803
1827	479.996
1828	426.869
1829	294.232
1830	340.119
1831	316.875
1832	-32.7386
1833	366.049
1834	485.955
1835	386.437
1836	411.239
1837	272.279
1838	411.51
1839	317.617
1840	431.071
1841	341.23
1842	607.044
1843	391.975
1844	449.627
1845	267.729
1846	364.688
1847	526.019
1848	498.161
1849	537.565
1850	537.759
1851	462.016
1852	663.951
1853	738.818
1854	389.542
1855	441.324
1856	403.498
1857	401.19
1858	365.563
1859	653.361
1860	748.649
1861	500.62
1862	675.559
1863	461.909
1864	533.282
1865	436.389
1866	602.559
1867	798.477
1868	527.401
1869	442.616
1870	596.693
1871	782.553
1872	702.881
1873	349.347
1874	328.399
1875	551.954
1876	382.497
1877	446.046
1878	523.015
1879	357.873
1880	720.734
1881	661.771
1882	627.522
1883	543.149
1884	343.813
1885	491.076
1886	815.182
1887	466.681
1888	651.433
1889	595.198
1890	594.993
1891	554.576
1892	662.986
1893	648.816
1894	385.707
1895	562.373
1896	529.061
1897	494.136
1898	706.453
1899	540.962
1900	562.791
1901	509.878
1902	586.196
1903	503.933
1904	684.475
1905	455.938
1906	544.496
1907	473.637
1908	341.013
1909	487.286
1910	682.672
1911	552.328
1912	477.551
1913	632.101
1914	444.421
1915	626.221
1916	577.486
1917	570.028
1918	536.503
1919	436.189
1920	578.015
1921	375.69
1922	519.152
1923	509.363
1924	460.309
1925	544.37
1926	777.921
1927	391.159
1928	413.65
1929	625.345
1930	704.964
1931	609.738
1932	404.355
1933	387.976
1934	575.541
1935	268.783
1936	406.414
1937	287.547
1938	832.562
1939	451.014
1940	552.349
1941	398.559
1942	522.757
1943	413.33
1944	611.765
1945	514.634
1946	378.338
1947	517.284
1948	778.996
1949	612.516
1950	555.457
1951	338.87
1952	478.183
1953	328.354
1954	549.101
1955	499.956
1956	606.668
1957	592.376
1958	437.569
1959	644.63
1960	405.185
1961	509.733
1962	256.607
1963	275.594
1964	335.702
1965	486.898
1966	746.048
1967	576.351
1968	271.618
1969	483.825
1970	521.048
1971	657.681
1972	420.588
1973	535.391
1974	410.375
1975	628.133
1976	840.42
1977	640.843
1978	251.386
1979	440.256
1980	609.476
1981	399.42
1982	598.533
1983	533.265
1984	483.867
1985	649.48
1986	626.059
1987	364.552
1988	362.165
1989	726.775
1990	376.387
1991	466.118
1992	405.501
1993	310.471
1994	435.009
1995	471.357
1996	402.559
1997	463.359
1998	654.81
1999	539.364
2000	496.482
2001	324.313
2002	405.112
2003	291.437
2004	381.153
2005	375.928
2006	522.494
2007	385.935
2008	383.781
2009	347.595
2010	272.394
2011	470.307
2012	589.081
2013	471.308
2014	577.197
2015	513.334
2016	455.058
2017	468.714
2018	296.636
2019	288.071
2020	498.002
2021	642.527
2022	574.917
2023	508.318
2024	370.446
2025	423.628
2026	480.118
2027	405.673
2028	519.133
2029	671.23
2030	464.219
2031	427.344
2032	494.643
2033	589.508
2034	489.842
2035	732.536
2036	442.067
2037	673.606
2038	693.077
2039	398.813
2040	716.89
2041	414.25
2042	803.374
2043	551.957
2044	588.617
2045	360.527
2046	565.748
2047	575.145
2048	474.589
2049	395.374
2050	577.508
2051	635.812
2052	486.515
2053	590.972
2054	654.136
2055	432.643
2056	679.893
2057	375.702
2058	569.275
2059	499.203
2060	696.219
2061	410.364
2062	511.036
2063	548.165
2064	699.666
2065	476.526
2066	732.265
2067	413.613
2068	496.979
2069	510.817
2070	507.811
2071	374.949
2072	466.306
2073	417.964
2074	434.945
2075	323.812
2076	428.121
2077	328.478
2078	432.596
2079	451.281
2080	511.271
2081	375.681
2082	385.263
2083	504.826
2084	490.087
2085	396.463
2086	510.033
2087	400.89
2088	430.065
2089	234.782
2090	289
2091	310.462
2092	474.114
2093	561.243
2094	710.818
2095	663.817
2096	682.215
2097	731.472
2098	674.148
2099	378.499
2100	498.827
2101	400.284
2102	391.567
2103	795.02
2104	621.902
2105	600.035
2106	555.17
2107	771.614
2108	332.567
2109	443.549
2110	540.377
2111	475.581
2112	694.251
2113	730.662
2114	435.566
2115	522.521
2116	724.046
2117	582.148
2118	336.721
2119	600.225
2120	491.701
2121	546.603
2122	519.886
2123	487.744
2124	496.725
2125	442.579
2126	604.426
2127	364.208
2128	508.918
2129	594.625
2130	591.585
2131	530.958
2132	465.112
2133	251.587
2134	493.31
2135	413.303
2136	392.227
2137	398.05
2138	507.751
2139	695.53
2140	499.455
2141	518.574
2142	617.235
2143	424.492
2144	794.839
2145	820.296
2146	705.981
2147	879.387
2148	561.093
2149	504.441
2150	347.064
2151	525.842
2152	441.619
2153	424.642
2154	584.536
2155	540.035
2156	422.638
2157	365.943
2158	408.921
2159	638.67
2160	560.422
2161	575.734
2162	442.041
2163	436.556
2164	428.816
2165	709.272
2166	371.47
2167	444.825
2168	393.836
2169	473.991
2170	374.958
2171	572.735
2172	616.27
2173	359.016
2174	876.728
2175	756.369
2176	347.505
2177	398.424
2178	620.449
2179	471.94
2180	429.988
2181	325.476
2182	512.354
2183	842.581
2184	704.785
2185	509.252
2186	501.265
2187	591.707
2188	590.628
2189	410.82
2190	615.414
2191	438.884
2192	666.496
2193	626.948
2194	476.989
2195	335.634
2196	573.975
2197	408.148
2198	479.707
2199	567.471
2200	708.621
2201	534.837
2202	458.075
2203	261.644
2204	308.565
2205	475.805
2206	644.558
2207	605.753
2208	392.275
2209	589.719
2210	707.97
2211	407.111
2212	379.703
2213	268.331
2214	439.259
2215	382.169
2216	584.071
2217	474.111
2218	567.746
2219	623.922
2220	585.588
2221	561.42
2222	698.795
2223	601.115
2224	490.45
2225	406.453
2226	402.111
2227	624.361
2228	635.171
2229	569.111
2230	517.884
2231	594.099
2232	505.207
2233	384.575
2234	452.819
2235	400.556
2236	614.343
2237	426.671
2238	385.461
2239	644.078
2240	386.842
2241	356.486
2242	632.954
2243	462.942
2244	543.385
2245	497.848
2246	479.38
2247	549.659
2248	655.371
2249	379.559
2250	344.489
2251	639.686
2252	618.574
2253	607.065
2254	592.074
2255	401.487
2256	593.095
2257	540.127
2258	480.444
2259	455.831
2260	598.98
2261	306.04
2262	500.604
2263	565.109
2264	392.363
2265	458.866
2266	444.818
2267	258.796
2268	495.767
2269	256.893
2270	455.094
2271	348.423
2272	319.296
2273	702.114
2274	301.405
2275	465.559
2276	635.227
2277	580.944
2278	810.469
2279	722.566
2280	623.637
2281	642.623
2282	253.488
2283	601.953
2284	628.403
2285	407.162
2286	264.779
2287	780.518
2288	414.524
2289	638.822
2290	515.536
2291	396.786
2292	333.761
2293	622.453
2294	452.405
2295	515.18
2296	345.157
2297	434.272
2298	509.687
2299	678.286
2300	687.764
2301	712.305
2302	532.092
2303	772.306
2304	787.979
2305	529.846
2306	539.205
2307	434.485
2308	453.29
2309	313.869
2310	405.751
2311	500.739
2312	210.04
2313	217.536
2314	220.265
2315	641.276
2316	508.138
2317	325.866
2318	419.134
2319	370.037
2320	504.777
2321	499.259
2322	428.497
2323	466.599
2324	676.529
2325	355.428
2326	430.176
2327	423.82
2328	370.084
2329	427.837
2330	433.238
2331	579.067
2332	559.885
2333	580.223
2334	395.376
2335	537.083
2336	369.35
2337	380.331
2338	311.286
2339	212.52
2340	573.106
2341	450.933
2342	400.219
2343	653.437
2344	668.947
2345	401.165
2346	422.872
2347	270.664
2348	567.074
2349	394.141
2350	500.373
2351	392.858
2352	591.791
2353	321.881
2354	615.494
2355	576.034
2356	603.461
2357	700.451
2358	419.494
2359	589.366
2360	536.941
2361	577.742
2362	580.136
2363	433.414
2364	447.681
2365	558.184
2366	471.181
2367	250.841
2368	391.76
2369	517.291
2370	622.728
2371	554.597
2372	230.484
2373	520.108
2374	514.514
2375	499.007
2376	568.491
2377	726.355
2378	543.157
2379	531.916
2380	509.074
2381	594.689
2382	519.673
2383	398.987
2384	414.864
2385	452.349
2386	380.603
2387	661.875
2388	502.784
2389	643.23
2390	482.781
2391	540.266
2392	549.09
2393	806.376
2394	529.948
2395	557.791
2396	479.997
2397	582.309
2398	422.066
2399	392.01
2400	614.465
2401	405.13
2402	311.09
2403	940.041
2404	741.414
2405	517.252
2406	277.462
2407	874.824
2408	501.502
2409	298.666
2410	344.598
2411	490.513
2412	703.751
2413	414.347
2414	600.9
2415	775.418
2416	848.837
2417	847.815
2418	339.332
2419	532.423
2420	380.228
2421	359.332
2422	406.256
2423	389.747
2424	400.365
2425	526.257
2426	466.784
2427	512.748
2428	434.036
2429	396.229
2430	69.7427
2431	718.468
2432	344.979
2433	465.497
2434	469.871
2435	652.989
2436	560.689
2437	765.917
2438	753.621
2439	362.017
2440	427.662
2441	760.03
2442	459.288
2443	366.179
2444	439.754
2445	229.498
2446	389.6
2447	381.701
2448	430.324
2449	309.704
2450	505.766
2451	406.716
2452	605.833
2453	533.25
2454	490.2
2455	668.38
2456	538.459
2457	801.322
2458	707.123
2459	314.198
2460	291.693
2461	396.711
2462	495.537
2463	551.059
2464	466.114
2465	627.016
2466	496.599
2467	319.578
2468	547.333
2469	284.205
2470	582.111
2471	405.267
2472	463.365
2473	409.552
2474	553.315
2475	658.328
2476	472.566
2477	662.275
2478	740.733
2479	589.992
2480	401.266
2481	324.997
2482	614.716
2483	709.601
2484	458.372
2485	682.722
2486	263.103
2487	639.766
2488	493.175
2489	438.136
2490	457.674
2491	314.659
2492	461.03
2493	510.855
2494	479.799
2495	443.819
2496	590.017
2497	266.247
2498	457.286
2499	468.514
2500	344.03
2501	526.177
2502	388.555
2503	484.374
2504	439.525
2505	515.642
2506	566.441
2507	330.579
2508	528.022
2509	515.005
2510	673.218
2511	588.174
2512	496.451
2513	380.652
2514	377.596
2515	436.653
2516	505.479
2517	587.273
2518	704.357
2519	725.439
2520	536.026
2521	369.522
2522	567.44
2523	622.055
2524	672.215
2525	408.544
2526	393.508
2527	512.377
2528	455.648
2529	433.845
2530	271.667
2531	241.392
2532	469.772
2533	461.548
2534	758.573
2535	505.151
2536	442.858
2537	539.083
2538	591.477
2539	371.977
2540	698.596
2541	642.219
2542	511.1
2543	430.868
2544	272.689
2545	602.649
2546	554.788
2547	699.261
2548	442.453
2549	576.084
2550	549.292
2551	446.511
2552	492.211
2553	528.716
2554	427.153
2555	409.06
2556	470.435
2557	498.904
2558	596.688
2559	461.574
2560	518.742
2561	470.501
2562	457.414
2563	495.488
2564	496.804
2565	406.251
2566	544.577
2567	483.269
2568	288.667
2569	531.353
2570	336.956
2571	412.669
2572	256.552
2573	529.889
2574	590.577
2575	317.274
2576	517.029
2577	652.659
2578	370.652
2579	417.07
2580	822.409
2581	762.301
2582	408.271
2583	585.682
2584	442.877
2585	397.356
2586	680.217
2587	732.552
2588	424.241
2589	542.318
2590	563.582
2591	551.76
2592	359.667
2593	418.77
2594	614.557
2595	616.55
2596	1023.22
2597	350.027
2598	211.225
2599	353.153
2600	464.797
2601	461.226
2602	529.974
2603	401.918
2604	555.579
2605	418.062
2606	484.859
2607	595.41
2608	515.694
2609	449.317
2610	559.578
2611	576.346
2612	571.869
2613	406.037
2614	344.194
2615	591.09
2616	569.506
2617	576.155
2618	635.561
2619	393.446
2620	473.707
2621	422.506
2622	366.535
2623	355.46
2624	335.45
2625	463.406
2626	320.908
2627	230.198
2628	341.036
2629	381.084
2630	429.139
2631	361.88
2632	322.51
2633	639.139
2634	574.023
2635	467.649
2636	387.032
2637	374.644
2638	342.647
2639	621.401
2640	656.439
2641	536.662
2642	516.548
2643	632.221
2644	469.424
2645	474.096
2646	270.479
2647	515.273
2648	353.519
2649	357.815
2650	470.622
2651	474.798
2652	646.638
2653	391.13
2654	712.354
2655	371.236
2656	365.774
2657	403.415
2658	588.641
2659	622.688
2660	478.539
2661	483.21
2662	559.694
2663	547.083
2664	597.158
2665	420.575
2666	627.585
2667	549.196
2668	594.3
2669	583.039
2670	731.109
2671	377.373
2672	355.853
2673	686.651
2674	611.139
2675	338.97
2676	571.056
2677	829.429
2678	458.899
2679	502.42
2680	472.05
2681	489.114
2682	452.183
2683	288.857
2684	544.613
2685	608.928
2686	535.744
2687	466.586
2688	548.076
2689	454.744
2690	501.204
2691	462.046
2692	583.621
2693	458.19
2694	559.632
2695	524.203
2696	540.078
2697	540.749
2698	412.235
2699	403.668
2700	616.414
2701	682.578
2702	384.461
2703	464.379
2704	604.07
2705	578.95
2706	679.07
2707	462.064
2708	639.773
2709	536.949
2710	572.733
2711	382.053
2712	473.255
2713	635.902
2714	490.037
2715	474.702
2716	615.817
2717	602.231
2718	447.15
2719	641.063
2720	522.808
2721	390.049
2722	516.218
2723	425.454
2724	659.76
2725	770.934
2726	691.485
2727	764.059
2728	567.043
2729	572.865
2730	329.586
2731	566.334
2732	499.182
2733	342.698
2734	243.671
2735	455.933
2736	488.581
2737	517.035
2738	816.346
2739	401.74
2740	570.024
2741	748.56
2742	554.472
2743	684.063
2744	540.391
2745	690.924
2746	571.255
2747	463.684
2748	568.564
2749	508.816
2750	384.497
2751	356.225
2752	384.957
2753	469.052
2754	533.213
2755	374.566
2756	590.676
2757	509.111
2758	656.267
2759	492.392
2760	160.76
2761	714.643
2762	552.287
2763	417.827
2764	458.049
2765	452.036
2766	385.94
2767	460.242
2768	470.956
2769	598.658
2770	894.948
2771	720.39
2772	546.781
2773	516.224
2774	498.453
2775	623.249
2776	720.662
2777	597.176
2778	436.548
2779	410.842
2780	590.121
2781	619.31
2782	655.337
2783	353.317
2784	386.925
2785	742.811
2786	449.634
2787	387.45
2788	489.164
2789	488.409
2790	476.5
2791	732.332
2792	658.417
2793	363.362
2794	473.306
2795	344.384
2796	446.871
2797	309.211
2798	436.596
2799	524.674
2800	291.071
2801	565.916
2802	412.051
2803	429.479
2804	430.856
2805	525.902
2806	646.638
2807	296.655
2808	337.545
2809	361.562
2810	513.118
2811	462.839
2812	357.938
2813	391.391
2814	463.91
2815	481.776
2816	618.368
2817	462.688
2818	512.987
2819	419.81
2820	491.49
2821	378.105
2822	641.387
2823	462.076
2824	445.032
2825	450.942
2826	451.263
2827	395.319
2828	565.83
2829	638.891
2830	816.724
2831	561.429
2832	456.008
2833	304.193
2834	331.816
2835	691.305
2836	456.368
2837	486.041
2838	356.826
2839	471.727
2840	690.506
2841	360.158
2842	380.761
2843	345.521
2844	471.304
2845	445.219
2846	422.301
2847	406.636
2848	674.305
2849	456.321
2850	536.326
2851	410.013
2852	284.092
2853	478.751
2854	444.119
2855	410.888
2856	516.715
2857	645.622
2858	598.784
2859	463.383
2860	492.082
2861	425.186
2862	527.778
2863	663.76
2864	624.441
2865	481.823
2866	483.761
2867	486.997
2868	680.355
2869	559.77
2870	726.983
2871	869.792
2872	401.878
2873	608.167
2874	621.238
2875	562.958
2876	508.188
2877	599.797
2878	549.603
2879	446.594
2880	418.846
2881	524.142
2882	285.711
2883	646.422
2884	578.938
2885	457.095
2886	399.424
2887	464.764
2888	739.483
2889	719.166
2890	686.32
2891	507.544
2892	576.373
2893	518.586
2894	595.482
2895	496.395
2896	615.196
2897	494.729
2898	504.761
2899	547.902
2900	265.324
2901	459.75
2902	702.318
2903	398.144
2904	371.382
2905	635.345
2906	644.63
2907	747.308
2908	343.58
2909	305.442
2910	384.979
2911	562.794
2912	556.846
2913	288.18
2914	324.211
2915	256.657
2916	339.906
2917	384.19
2918	439.744
2919	323.013
2920	386.848
2921	233.221
2922	370.027
2923	408.894
2924	433.305
2925	722.006
2926	647.638
2927	374.484
2928	581.382
2929	536.135
2930	450.47
2931	435.212
2932	509.531
2933	463.859
2934	390.129
2935	284.763
2936	554.865
2937	391.048
2938	362.014
2939	505.485
2940	698.233
2941	406.677
2942	336.985
2943	412.422
2944	498.178
2945	275.961
2946	576.775
2947	424.237
2948	565.221
2949	630.682
2950	413.279
2951	450.091
2952	619.529
2953	647.333
2954	480.282
2955	645.273
2956	469.291
2957	425.346
2958	565.173
2959	484.082
2960	567.444
2961	394.678
2962	412.085
2963	602.997
2964	479.998
2965	411.526
2966	613.069
2967	446.673
2968	501.564
2969	252.329
2970	424.895
2971	489.726
2972	464.085
2973	447.135
2974	443.911
2975	224.203
2976	220.937
2977	456.101
2978	590.897
2979	407.361
2980	726.69
2981	410.795
2982	511.354
2983	484.053
2984	548.108
2985	452.337
2986	238.929
2987	349.379
2988	481.388
2989	494.302
2990	597.558
2991	476.976
2992	671.642
2993	988.209
2994	619.033
2995	594.117
2996	632.875
2997	373.614
2998	532.319
2999	572.48
3000	530.251
3001	650.394
3002	512.628
3003	322.286
3004	426.189
3005	395.098
3006	664.573
3007	635.288
3008	411.493
3009	575.362
3010	563.269
3011	468.816
3012	398.064
3013	412.649
3014	439.913
3015	366.368
3016	279.723
3017	609.782
3018	581.775
3019	407.228
3020	533.151
3021	505.501
3022	592.716
3023	426.543
3024	529.19
3025	647.597
3026	872.393
3027	670.988
3028	472.414
3029	422.919
3030	506.077
3031	568.876
3032	440.345
3033	562.903
3034	719.972
3035	517.526
3036	426.919
3037	442.637
3038	339.069
3039	586.804
3040	759.901
3041	494.433
3042	638.238
3043	573.137
3044	656.188
3045	595.467
3046	355.063
3047	355.933
3048	469.858
3049	414.085
3050	554.877
3051	403.878
3052	769.083
3053	572.734
3054	711.29
3055	346.013
3056	770.028
3057	673.035
3058	553.324
3059	729.631
3060	653.074
3061	570.009
3062	436.904
3063	473.978
3064	589.492
3065	347.909
3066	505.06
3067	433.441
3068	479.773
3069	411.702
3070	769.69
3071	742.257
3072	449.537
3073	481.713
3074	551.808
3075	564.195
3076	708.553
3077	457.982
3078	435.387
3079	421.015
3080	361.826
3081	585.594
3082	310.466
3083	382.339
3084	373.131
3085	588.287
3086	498.901
3087	664.439
3088	416.265
3089	636.097
3090	559.074
3091	342.836
3092	407.896
3093	520.379
3094	583.361
3095	624.823
3096	351.52
3097	779.024
3098	662.808
3099	462.823
3100	551.338
3101	574.885
3102	636.558
3103	505.394
3104	385.053
3105	406.988
3106	719.324
3107	461.566
3108	341.279
3109	334.879
3110	363.426
3111	509.335
3112	228.518
3113	340.88
3114	528.36
3115	477.351
3116	574.437
3117	396.501
3118	539.505
3119	297.461
3120	504.59
3121	607.194
3122	603.187
3123	548.771
3124	597.925
3125	495.095
3126	455.402
3127	299.463
3128	408.686
3129	668.57
3130	489.146
3131	523.784
3132	450.339
3133	465.834
3134	390.122
3135	394.778
3136	354.211
3137	502.164
3138	649.035
3139	675.111
3140	456.87
3141	585.802
3142	839.017
3143	761.388
3144	554.63
3145	654.496
3146	302.673
3147	660.725
3148	656.89
3149	511.676
3150	730.424
3151	876.939
3152	258.56
3153	491.254
3154	403.385
3155	550.672
3156	478.983
3157	394.781
3158	495.096
3159	543.304
3160	778.351
3161	427.531
3162	451.72
3163	325.486
3164	451.107
3165	291.69
3166	491.945
3167	459.326
3168	376
3169	588.352
3170	629.339
3171	659.891
3172	531.69
3173	372.501
3174	442.527
3175	405.997
3176	824.084
3177	665.132
3178	475.639
3179	554.523
3180	594.15
3181	603.973
3182	585.117
3183	500.409
3184	541.648
3185	437.538
3186	516.176
3187	544.112
3188	385.195
3189	554.269
3190	460.154
3191	649.135
3192	393.943
3193	427.296
3194	552.119
3195	474.208
3196	429.481
3197	266.509
3198	478.813
3199	552.589
3200	710.847
3201	581.002
3202	732.117
3203	688.136
3204	640.073
3205	656.919
3206	553.092
3207	469.528
3208	643.009
3209	576.457
3210	466.454
3211	540.715
3212	486.325
3213	654.42
3214	399.826
3215	552.383
3216	679.234
3217	564.881
3218	522.841
3219	448.928
3220	418.72
3221	303.321
3222	452.413
3223	666.505
3224	678.564
3225	572.641
3226	497.353
3227	460.632
3228	411.942
3229	577.063
3230	474.157
3231	423.292
3232	336.626
3233	497.878
3234	567.338
3235	483.766
3236	580.188
3237	444.675
3238	361.41
3239	565.27
3240	634.677
3241	430.537
3242	333.006
3243	377.967
3244	397.017
3245	683.362
3246	493.238
3247	593.176
3248	571.217
3249	465.614
3250	301.335
3251	460.602
3252	557.691
3253	507.484
3254	493.963
3255	489.19
3256	606.6
3257	601.285
3258	476.366
3259	712.27
3260	555.277
3261	512.217
3262	537.401
3263	539.253
3264	705.612
3265	864.582
3266	759.885
3267	428.424
3268	411.543
3269	381.72
3270	659.809
3271	433.483
3272	378.897
3273	312.924
3274	754.741
3275	507.47
3276	495.843
3277	727.167
3278	435.35
3279	461.758
3280	777.967
3281	710.002
3282	795.599
3283	336.354
3284	369.572
3285	583.409
3286	458.831
3287	317.44
3288	325.369
3289	319.771
3290	491.563
3291	702.883
3292	347.483
3293	283.592
3294	424.631
3295	599.071
3296	575.373
3297	578.195
3298	362.242
3299	420.607
3300	534.962
3301	359.672
3302	468.855
3303	507.289
3304	446.368
3305	406.727
3306	769.789
3307	828.238
3308	645.206
3309	390.311
3310	434.164
3311	392.951
3312	485.243
3313	337.203
3314	334.055
3315	629.77
3316	325.111
3317	696.094
3318	786.809
3319	810.54
3320	613.265
3321	578.026
3322	748.119
3323	733.371
3324	595.412
3325	527.047
3326	677.733
3327	441.649
3328	521.817
3329	543.968
3330	318.838
3331	546.842
3332	324.268
3333	351.52
3334	744.909
3335	710.305
3336	435.582
3337	837.127
3338	424.252
3339	465.23
3340	519.207
3341	388.078
3342	526.659
3343	451.719
3344	333.659
3345	446.277
3346	351.078
3347	434.078
3348	467.156
3349	536.457
3350	396.158
3351	358.049
3352	529.822
3353	345.899
3354	541.699
3355	423.947
3356	729.132
3357	534.848
3358	396.484
3359	769.691
3360	402.054
3361	379.002
3362	649.996
3363	573.489
3364	522.343
3365	532.728
3366	625.714
3367	459.262
3368	592.068
3369	473.08
3370	584.253
3371	421.105
3372	369.825
3373	348.421
3374	546.52
3375	348.509
3376	526.241
3377	-606.963
3378	291.664
3379	417.876
3380	384.042
3381	398.122
3382	387.777
3383	425.133
3384	396.173
3385	351.896
3386	519.59
3387	529.281
3388	484.733
3389	643.591
3390	423.171
3391	284.847
3392	417.353
3393	718.975
3394	684.838
3395	437.196
3396	364.736
3397	299.853
3398	351.316
3399	570.584
3400	508.988
3401	328.366
3402	333.004
3403	395.785
3404	405.965
3405	334.568
3406	452.092
3407	450.457
3408	483.528
3409	720.232
3410	501.175
3411	339.847
3412	372.115
3413	411.791
3414	460.332
3415	312.298
3416	628.423
3417	456.758
3418	685.682
3419	484.123
3420	565.521
3421	555.454
3422	340.078
3423	410.236
3424	534.204
3425	646.677
3426	584.287
3427	537.005
3428	594.198
3429	422.875
3430	398.496
3431	639.25
3432	336.297
3433	624.475
3434	792.439
3435	295.331
3436	533.364
3437	334.412
3438	430.579
3439	426.05
3440	462.657
3441	-60.057
3442	545.709
3443	328.436
3444	544.143
3445	334.647
3446	438.795
3447	365.296
3448	481.561
3449	505.41
3450	513.136
3451	413.604
3452	468.332
3453	440.968
3454	225.657
3455	576.406
3456	467.482
3457	555.411
3458	788.275
3459	368.231
3460	588.317
3461	358.376
3462	688.026
3463	537.609
3464	700.714
3465	785.932
3466	519.745
3467	402.127
3468	357.468
3469	688.494
3470	542.948
3471	587.819
3472	500.74
3473	592.319
3474	731.705
3475	510.847
3476	441.987
3477	385.451
3478	263.137
3479	360.308
3480	360.717
3481	687.932
3482	543.631
3483	688.487
3484	615.248
3485	643.566
3486	547.413
3487	324.157
3488	444.912
3489	454.384
3490	344.471
3491	514.604
3492	407.674
3493	727.047
3494	440.49
3495	343.705
3496	341.659
3497	503.012
3498	402.699
3499	375.389
3500	387.166
3501	204.379
3502	484.79
3503	516.541
3504	555.244
3505	580.039
3506	560.316
3507	825.033
3508	769.151
3509	500.037
3510	651.653
3511	491.305
3512	510.217
3513	646.173
3514	504.19
3515	344.173
3516	496.485
3517	628.639
3518	597.572
3519	888.566
3520	718.861
3521	586.354
3522	658.507
3523	463.895
3524	404.606
3525	359.953
3526	431.514
3527	441.715
3528	565.437
3529	498.956
3530	520.544
3531	412.341
3532	437.209
3533	415.825
3534	933.508
3535	483.609
3536	263.777
3537	348.452
3538	474.984
3539	530.81
3540	398.91
3541	638.827
3542	499.516
3543	374.711
3544	491.908
3545	400.579
3546	435.431
3547	416.19
3548	302.139
3549	302.762
3550	551.721
3551	472.271
3552	521.618
3553	445.749
3554	422.813
3555	408.413
3556	464.202
3557	399.569
3558	444.825
3559	409.562
3560	256.738
3561	466.664
3562	330.334
3563	795.461
3564	246.261
3565	345.685
3566	528.729
3567	353.651
3568	337.619
3569	468.043
3570	478.094
3571	390.417
3572	281.725
3573	523.673
3574	256.098
3575	209.183
3576	429.225
3577	554.471
3578	387.672
3579	433.96
3580	318.689
3581	703.573
3582	804.165
3583	547.649
3584	353.968
3585	648.104
3586	588.502
3587	698.766
3588	688.02
3589	490.92
3590	342.357
3591	394.422
3592	389.441
3593	247.659
3594	258.358
3595	329.871
3596	437.716
3597	641.92
3598	695.911
3599	474.006
3600	478.215
3601	686.419
3602	505.859
3603	356.137
3604	603.873
3605	714.78
3606	578.211
3607	296.438
3608	373.838
3609	591.158
3610	516.781
3611	461.673
3612	438.106
3613	636.747
3614	450.8
3615	581.134
3616	577.739
3617	554.092
3618	701.083
3619	495.985
3620	324.286
3621	618.758
3622	498.312
3623	420.147
3624	613.245
3625	415.637
3626	751.994
3627	633.586
3628	581.254
3629	692.427
3630	431.292
3631	520.713
3632	363.552
3633	532.586
3634	394.238
3635	240.911
3636	569.643
3637	575.257
3638	675.814
3639	400.797
3640	745.393
3641	810.709
3642	489.666
3643	385.639
3644	725.74
3645	274.768
3646	443.912
3647	446.903
3648	385.151
3649	680.961
3650	762.686
3651	480.446
3652	337.36
3653	543.251
3654	575.475
3655	560.261
3656	509.424
3657	346.292
3658	289.167
3659	589.402
3660	514.731
3661	493.786
3662	339.273
3663	616.246
3664	678.393
3665	708.955
3666	443.245
3667	516.362
3668	484.831
3669	573.814
3670	494.223
3671	407.16
3672	768.292
3673	588.824
3674	533.993
3675	482.612
3676	412.728
3677	430.115
3678	649.636
3679	668.899
3680	495.515
3681	452.093
3682	537.471
3683	734.825
3684	519.659
3685	369.399
3686	475.125
3687	535.041
3688	708.526
3689	436.359
3690	350.895
3691	588.951
3692	489.658
3693	559.387
3694	435.621
3695	327.323
3696	581.726
3697	688.17
3698	888.202
3699	727.899
3700	673.748
3701	417.566
3702	687.383
3703	332.602
3704	229.842
3705	467.852
3706	252.425
3707	512.413
3708	527.239
3709	390.32
3710	427.711
3711	469.133
3712	811.659
3713	547.24
3714	513.506
3715	447.784
3716	658.278
3717	512.254
3718	688.789
3719	582.293
3720	652.691
3721	478.72
3722	494.859
3723	375.893
3724	474.742
3725	452.4
3726	676.782
3727	595.949
3728	567.533
3729	439.169
3730	290.957
3731	429.682
3732	643.924
3733	786.229
3734	900.967
3735	468.61
3736	582.127
3737	468.802
3738	400.91
3739	403.173
3740	392.739
3741	480.434
3742	526.477
3743	683.808
3744	667.651
3745	502.475
3746	496.623
3747	794.47
3748	607.983
3749	525.934
3750	330.703
3751	486.49
3752	472.022
3753	426.148
3754	437.803
3755	727.565
3756	799.244
3757	632.504
3758	441.979
3759	349.797
3760	517.874
3761	350.404
3762	464.413
3763	503.485
3764	612.535
3765	387.051
3766	466.861
3767	509.699
3768	492.568
3769	400.932
3770	439.782
3771	215.084
3772	495.76
3773	584.944
3774	406.883
3775	637.727
3776	600.27
3777	284.211
3778	514.383
3779	380.547
3780	434.37
3781	727.73
3782	499.782
3783	479.646
3784	368.139
3785	563.951
3786	540.979
3787	306.842
3788	483.867
3789	319.015
3790	435.488
3791	451.252
3792	502.424
3793	508.882
3794	388.527
3795	481.405
3796	446.839
3797	462.965
3798	762.3
3799	432.128
3800	445.898
3801	639.808
3802	438.055
3803	516.703
3804	695.719
3805	735.138
3806	645.844
3807	683.947
3808	609.33
3809	525.863
3810	382.966
3811	405.546
3812	275.018
3813	405.889
3814	605.467
3815	507.113
3816	274.527
3817	266.63
3818	497.524
3819	459.886
3820	698.033
3821	337.923
3822	393.959
3823	457.531
3824	584.923
3825	321.276
3826	649.452
3827	631.832
3828	593.692
3829	607.504
3830	368.913
3831	499.971
3832	485.114
3833	612.309
3834	554.222
3835	348.784
3836	464.942
3837	649.886
3838	640.519
3839	349.14
3840	359.975
3841	454.361
3842	441.971
3843	503.983
3844	572.541
3845	511.525
3846	338.59
3847	458.619
3848	394.719
3849	342.475
3850	314.294
3851	431.103
3852	597.005
3853	469.569
3854	480.659
3855	531.395
3856	460.107
3857	587.062
3858	515.833
3859	429.096
3860	508.936
3861	266.243
3862	565.788
3863	495.782
3864	387.639
3865	523.625
3866	681.104
3867	484.685
3868	332.875
3869	399.093
3870	421.121
3871	373.694
3872	472.564
3873	568.799
3874	547.627
3875	547.565
3876	444.861
3877	442.708
3878	378.352
3879	441.224
3880	530.913
3881	773.911
3882	637.23
3883	667.931
3884	511.503
3885	226.137
3886	467.006
3887	553.906
3888	325.61
3889	896.84
3890	856.111
3891	606.13
3892	579.429
3893	414.567
3894	511.022
3895	551.464
3896	275.638
3897	374.307
3898	395.124
3899	477.557
3900	571.463
3901	501.12
3902	535.355
3903	817.515
3904	452.061
3905	330.707
3906	377.3
3907	592.682
3908	476.824
3909	468.006
3910	488.747
3911	448.901
3912	802.697
3913	424.059
3914	502.333
3915	453.594
3916	556.012
3917	542.528
3918	428.569
3919	328.121
3920	461.397
3921	399.083
3922	503.853
3923	380.346
3924	451.941
3925	350.835
3926	426.775
3927	659.968
3928	754.619
3929	611.156
3930	587.325
3931	388.682
3932	546.955
3933	748.976
3934	315.832
3935	426.938
3936	473.676
3937	653.579
3938	403.405
3939	438.374
3940	496.548
3941	252.288
3942	324.011
3943	342.065
3944	664.813
3945	481.265
3946	559.051
3947	297.469
3948	408.134
3949	432.289
3950	346.791
3951	507.192
3952	363.476
3953	312.307
3954	447.245
3955	307.683
3956	524.041
3957	351.155
3958	459.601
3959	501.943
3960	394.995
3961	497.855
3962	389.44
3963	382.883
3964	454.609
3965	571.065
3966	424.816
3967	724.073
3968	683.186
3969	236.491
3970	440.146
3971	406.013
3972	987.4
3973	552.934
3974	559.56
3975	479.604
3976	551.221
3977	400.793
3978	772.677
3979	595.986
3980	590.296
3981	442.495
3982	484.954
3983	458.347
3984	351.93
3985	456.503
3986	476.79
3987	455.043
3988	374.218
3989	417.825
3990	277.66
3991	468.989
3992	588.385
3993	414.447
3994	415.5
3995	371.167
3996	424.769
3997	463.597
